0	0	0	0	0	0	0	
0	0	0	0	0	0	0	
0	0	0	0	0	0	0	
0	0	0	0	0	-0.000335103	0	
0	0	0	0	0	0.000335103	0	
-0.002563	0.00026226	0	-0.00229478	0	0.000335103	0	
0.002563	-0.00026226	0	0.00229478	0	-0.000335103	0	
-0.0143111	-0.00026226	0	-0.0342607	0	-0.000666716	0	
0.0143111	0.00026226	0	0.0342607	0	0.000666716	0	
-0.00895262	-0.00026226	0.000238419	-0.0754118	0	-0.00341037	0	
0.00895262	0.00026226	-0.000238419	0.0754118	0	0.00341037	0	
0.00229478	0	-0.000238419	-0.116086	0	0	0	
-0.00229478	0	0.000238419	0.116086	0	0	0	
0.0163674	0	0	-0.158262	0	0.000335103	0	
-0.0163674	0	0	0.158262	0	-0.000335103	0	
0.0253081	0	0	-0.200671	0	-0.000335103	0	
-0.0253081	0	0	0.200671	0	0.000335103	0	
0.0309408	0	0.000238419	-0.226551	0	-0.00137881	0	
-0.0309408	0	-0.000238419	0.226551	0	0.00137881	0	
0.03528	0	-0.000238419	-0.255889	0	0.000328122	0	
-0.03528	0	0.000238419	0.255889	0	-0.000328122	0	
0.0342548	0	0.000238419	-0.276113	0	0	0	
-0.0342548	0	-0.000238419	0.276113	0	0	0	
0.0309408	0	-0.000238419	-0.297332	0	-0.000328122	0	
-0.0309408	0	0.000238419	0.297332	0	0.000328122	0	
0.0250518	0	0	-0.313473	0	0.000328122	0	
-0.0250518	0	0	0.313473	0	-0.000328122	0	
0.0163615	0	0	-0.329542	0	0	0	
-0.0163615	0	0	0.329542	0	0	0	
0.00716448	0	0.000238419	-0.335646	0	-0.000328122	0	
-0.00716448	0	-0.000238419	0.335646	0	0.000328122	0	
-0.0012815	0	-0.000238419	-0.343111	0	0.000328122	0	
0.0012815	0	0.000238419	0.343111	0	-0.000328122	0	
-0.00767708	0	0.000238419	-0.352338	0	-0.000328122	0	
0.00767708	0	-0.000238419	0.352338	0	0.000328122	0	
-0.0171244	0	0	-0.351283	0	-0.000335103	0	
0.0171244	0	0	0.351283	0	0.000335103	0	
-0.0278592	0	0	-0.35944	0	0.000335103	0	
0.0278592	0	0	0.35944	0	-0.000335103	0	
-0.0398874	0	0	-0.367114	0	0.000663225	0	
0.0398874	0	0	0.367114	0	-0.000663225	0	
-0.05548	0	0	-0.376633	0	-0.000335103	0	
0.05548	0	0	0.376633	0	0.000335103	0	
-0.0703037	0.00026226	0	-0.374818	0	0	0	
0.0703037	-0.00026226	0	0.374818	0	0	0	
-0.0859082	0	0	-0.37863	0	0	0	
0.0859082	0	0	0.37863	0	0	0	
-0.101751	0	0	-0.383976	0	0.000335103	0	
0.101751	0	0	0.383976	0	-0.000335103	0	
-0.113511	0	0	-0.385547	0	-0.000335103	0	
0.113511	0	0	0.385547	0	0.000335103	0	
-0.128853	0	0	-0.38197	0	0.000335103	0	
0.128853	0	0	0.38197	0	-0.000335103	0	
-0.13628	0	0	-0.380659	0	0.000380482	0	
0.13628	0	0	0.380659	0	-0.000380482	0	
-0.144696	0	0	-0.380206	0	0	0	
0.144696	0	0	0.380206	0	0	0	
-0.154173	0	0	-0.372219	0	-0.000380482	0	
0.154173	0	0	0.372219	0	0.000380482	0	
-0.162852	0	0	-0.372002	0	0	0	
0.162852	0	0	0.372002	0	0	0	
-0.170785	0	0	-0.375819	0	0.000715585	0	
0.170785	0	0	0.375819	0	-0.000715585	0	
-0.180751	0	0.00026226	-0.374272	0	-0.000715585	0	
0.180751	0	-0.00026226	0.374272	0	0.000715585	0	
-0.191492	0	0	-0.367931	0	0.000380482	0	
0.191492	0	0	0.367931	0	-0.000380482	0	
-0.19635	-0.00026226	0	-0.371242	0	0	0	
0.19635	0.00026226	0	0.371242	0	0	0	
-0.208366	0	0	-0.371978	0	0.000335103	0	
0.208366	0	0	0.371978	0	-0.000335103	0	
-0.213993	0	0	-0.368166	0	-0.000335103	0.000345707	
0.213993	0	0	0.368166	0	0.000335103	-0.000345707	
-0.221911	0	0	-0.361988	0	0	-0.000345707	
0.221911	0	0	0.361988	0	0	0.000345707	
-0.223705	0	0.000238419	-0.365117	0	0.000335103	0	
0.223705	0	-0.000238419	0.365117	0	-0.000335103	0	
-0.233683	0	0	-0.363278	0	0	0	
0.233683	0	0	0.363278	0	0	0	
-0.236744	0	0	-0.358677	0	0	0	
0.236744	0	0	0.358677	0	0	0	
-0.242111	0	0	-0.361276	0	0.000666716	0	
0.242111	0	0	0.361276	0	-0.000666716	0	
-0.251058	0	0	-0.366879	0	0.000359538	0	
0.251058	0	0	0.366879	0	-0.000359538	0	
-0.256431	0.00026226	0	-0.361228	0	0	0	
0.256431	-0.00026226	0	0.361228	0	0	0	
-0.262824	0	0.000238419	-0.358701	0	0.000331613	0	
0.262824	0	-0.000238419	0.358701	0	-0.000331613	0	
-0.267681	0	0	-0.361252	0	-0.000331613	0	
0.267681	0	0	0.361252	0	0.000331613	0	
-0.271004	0	0	-0.359726	0	0.000331613	0	
0.271004	0	0	0.359726	0	-0.000331613	0	
-0.271767	0	0	-0.355387	0	-0.000331613	0.000345707	
0.271767	0	0	0.355387	0	0.000331613	-0.000345707	
-0.269723	0	0	-0.345397	0	0.000331613	-0.000345707	
0.269723	0	0	0.345397	0	-0.000331613	0.000345707	
-0.26896	0	0	-0.343633	0	0	0	
0.26896	0	0	0.343633	0	0	0	
-0.265381	0	0	-0.335383	0	-0.000331613	0	
0.265381	0	0	0.335383	0	0.000331613	0	
-0.266913	0	0	-0.330591	0	0.000331613	0	
0.266913	0	0	0.330591	0	-0.000331613	0	
-0.267678	0	0	-0.326225	0	-0.000331613	0	
0.267678	0	0	0.326225	0	0.000331613	0	
-0.266653	0	0.000286102	-0.329044	-0.000408407	0.00069115	0	
0.266653	0	-0.000286102	0.329044	0.000408407	-0.00069115	0	
-0.270754	0	0	-0.324443	0	-0.00069115	0.000345707	
0.270754	0	0	0.324443	0	0.00069115	-0.000345707	
-0.271255	0	0	-0.321627	0	0	-0.000345707	
0.271255	0	0	0.321627	0	0	0.000345707	
-0.273049	0	0	-0.324437	0.000408407	0	0	
0.273049	0	0	0.324437	-0.000408407	0	0	
-0.275347	0	0	-0.323415	0	0.000331613	0	
0.275347	0	0	0.323415	0	-0.000331613	0	
-0.272796	0	0	-0.321102	-0.000408407	0	0	
0.272796	0	0	0.321102	0.000408407	0	0	
-0.27535	0	0.000238419	-0.316739	0	-0.000331613	0	
0.27535	0	-0.000238419	0.316739	0	0.000331613	0	
-0.274843	0	0	-0.312161	0	0.000331613	0	
0.274843	0	0	0.312161	0	-0.000331613	0	
-0.270486	0	0	-0.313735	0	0	0	
0.270486	0	0	0.313735	0	0	0	
-0.270751	0	0	-0.307032	0	-0.000331613	0	
0.270751	0	0	0.307032	0	0.000331613	0	
-0.265118	-0.00026226	0	-0.304249	0	0.00069115	0	
0.265118	0.00026226	0	0.304249	0	-0.00069115	0	
-0.264615	0.00026226	0.000238419	-0.298882	0.000408407	-0.000359538	0.000345707	
0.264615	-0.00026226	-0.000238419	0.298882	-0.000408407	0.000359538	-0.000345707	
-0.263077	0	0	-0.29707	-0.000408407	0.000359538	-0.000345707	
0.263077	0	0	0.29707	0.000408407	-0.000359538	0.000345707	
-0.262567	0	0.000309944	-0.298357	0	-0.00069115	0.000345707	
0.262567	0	-0.000309944	0.298357	0	0.00069115	-0.000345707	
-0.263077	0	0.00026226	-0.291467	0	0.000331613	0	
0.263077	0	-0.00026226	0.291467	0	-0.000331613	0	
-0.26052	0	0	-0.291204	0	0.000359538	-0.000345707	
0.26052	0	0	0.291204	0	-0.000359538	0.000345707	
-0.261542	0	0.000214577	-0.290701	0	-0.000359538	0.000345707	
0.261542	0	-0.000214577	0.290701	0	0.000359538	-0.000345707	
-0.261289	0	0	-0.28708	0	0	0	
0.261289	0	0	0.28708	0	0	0	
-0.259244	0	0.00026226	-0.290945	0	0	-0.000345707	
0.259244	0	-0.00026226	0.290945	0	0	0.000345707	
-0.262308	0	0.00026226	-0.285599	0	0	0.000345707	
0.262308	0	-0.00026226	0.285599	0	0	-0.000345707	
-0.257197	0	0.000238419	-0.280717	0	0	-0.000345707	
0.257197	0	-0.000238419	0.280717	0	0	0.000345707	
-0.257969	0	0.00026226	-0.285053	0	0	0.000345707	
0.257969	0	-0.00026226	0.285053	0	0	-0.000345707	
-0.25796	-0.00026226	0.00026226	-0.281763	0	0	-0.000345707	
0.25796	0.00026226	-0.00026226	0.281763	0	0	0.000345707	
-0.253624	0.00026226	0.000524521	-0.275087	0	0.000359538	0.000345707	
0.253624	-0.00026226	-0.000524521	0.275087	0	-0.000359538	-0.000345707	
-0.25489	-0.00026226	0	-0.276116	0	-0.000359538	-0.000345707	
0.25489	0.00026226	0	0.276116	0	0.000359538	0.000345707	
-0.249016	0.00026226	0.000476837	-0.271007	0	0	0	
0.249016	-0.00026226	-0.000476837	0.271007	0	0	0	
-0.248766	-0.00026226	0	-0.268939	0	0	0.000345707	
0.248766	0.00026226	0	0.268939	0	0	-0.000345707	
-0.247735	0.00026226	0	-0.267193	0	-0.000331613	-0.000345707	
0.247735	-0.00026226	0	0.267193	0	0.000331613	0.000345707	
-0.246716	0	0	-0.263047	0	0.000331613	0	
0.246716	0	0	0.263047	0	-0.000331613	0	
-0.246209	0	0	-0.261807	0	0	0.000345707	
0.246209	0	0	0.261807	0	0	-0.000345707	
-0.24339	0	0	-0.262308	0	-0.000331613	-0.000345707	
0.24339	0	0	0.262308	0	0.000331613	0.000345707	
-0.244665	0	0.00026226	-0.25847	0	0.000331613	0.000345707	
0.244665	0	-0.00026226	0.25847	0	-0.000331613	-0.000345707	
-0.242627	0	-0.00026226	-0.259253	0	0	-0.000345707	
0.242627	0	0.00026226	0.259253	0	0	0.000345707	
-0.244924	0	0.00026226	-0.257444	0	-0.000331613	0.000345707	
0.244924	0	-0.00026226	0.257444	0	0.000331613	-0.000345707	
-0.243393	0	0	-0.253633	0	0.000331613	-0.000345707	
0.243393	0	0	0.253633	0	-0.000331613	0.000345707	
-0.242627	0	0	-0.255132	0	0.000359538	0.000345707	
0.242627	0	0	0.255132	0	-0.000359538	-0.000345707	
-0.241858	0	0	-0.254917	0	-0.00069115	-0.000345707	
0.241858	0	0	0.254917	0	0.00069115	0.000345707	
-0.242624	0	0	-0.25208	0	0.000331613	0.000345707	
0.242624	0	0	0.25208	0	-0.000331613	-0.000345707	
-0.244921	0	0	-0.249529	0	0	-0.000345707	
0.244921	0	0	0.249529	0	0	0.000345707	
-0.241348	0	0	-0.252843	0	-0.000331613	0	
0.241348	0	0	0.252843	0	0.000331613	0	
-0.242624	0	0	-0.248504	0	0.000331613	0	
0.242624	0	0	0.248504	0	-0.000331613	0	
-0.238281	-0.00026226	0	-0.245689	0	0.000359538	0	
0.238281	0.00026226	0	0.245689	0	-0.000359538	0	
-0.240579	0.00026226	0.00026226	-0.246978	0	-0.00069115	0	
0.240579	-0.00026226	-0.00026226	0.246978	0	0.00069115	0	
-0.236994	-0.00026226	0	-0.237778	0	0.000331613	0	
0.236994	0.00026226	0	0.237778	0	-0.000331613	0	
-0.237262	0	-0.00026226	-0.238034	0	0	0	
0.237262	0	0.00026226	0.238034	0	0	0	
-0.235975	0.00026226	0.00026226	-0.237204	0	0	0	
0.235975	-0.00026226	-0.00026226	0.237204	0	0	0	
-0.23419	-0.00026226	0	-0.231431	0	0	0	
0.23419	0.00026226	0	0.231431	0	0	0	
-0.232652	0.00026226	-0.00026226	-0.2321	0	0	0	
0.232652	-0.00026226	0.00026226	0.2321	0	0	0	
-0.232396	0	0.00026226	-0.229622	0	0	0	
0.232396	0	-0.00026226	0.229622	0	0	0	
-0.234962	0	0	-0.227022	0	-0.000331613	0.000345707	
0.234962	0	0	0.227022	0	0.000331613	-0.000345707	
-0.231883	0	-0.00026226	-0.228024	0	0.000331613	-0.000345707	
0.231883	0	0.00026226	0.228024	0	-0.000331613	0.000345707	
-0.234187	0	0.00026226	-0.225256	0	0	0.000345707	
0.234187	0	-0.00026226	0.225256	0	0	-0.000345707	
-0.230864	0	-0.00026226	-0.228286	0	-0.000331613	-0.000345707	
0.230864	0	0.00026226	0.228286	0	0.000331613	0.000345707	
-0.232142	0	0.00026226	-0.224257	0	0.000331613	0.000345707	
0.232142	0	-0.00026226	0.224257	0	-0.000331613	-0.000345707	
-0.232399	0	0	-0.22216	0	0	-0.000345707	
0.232399	0	0	0.22216	0	0	0.000345707	
-0.233421	0	0	-0.222945	0	0	0.000345707	
0.233421	0	0	0.222945	0	0	-0.000345707	
-0.229588	0	-0.00026226	-0.218818	0	-0.000331613	-0.000345707	
0.229588	0	0.00026226	0.218818	0	0.000331613	0.000345707	
-0.228304	0	0.00026226	-0.217846	0	0.00069115	0.000345707	
0.228304	0	-0.00026226	0.217846	0	-0.00069115	-0.000345707	
-0.224471	0	-0.00026226	-0.211191	0	0	-0.000345707	
0.224471	0	0.00026226	0.211191	0	0	0.000345707	
-0.224477	0	0	-0.213981	0	-0.000359538	0.000345707	
0.224477	0	0	0.213981	0	0.000359538	-0.000345707	
-0.222427	0	0.00026226	-0.2022	0	-0.000331613	0	
0.222427	0	-0.00026226	0.2022	0	0.000331613	0	
-0.220382	0	-0.00026226	-0.207618	0	0.00069115	-0.000345707	
0.220382	0	0.00026226	0.207618	0	-0.00069115	0.000345707	
-0.21987	0	0.00026226	-0.201201	0	-0.000359538	0.000345707	
0.21987	0	-0.00026226	0.201201	0	0.000359538	-0.000345707	
-0.218591	-0.00026226	-0.00026226	-0.202486	0	0	-0.000345707	
0.218591	0.00026226	0.00026226	0.202486	0	0	0.000345707	
-0.216544	0.00026226	0.00026226	-0.19739	0	0.000359538	0.000345707	
0.216544	-0.00026226	-0.00026226	0.19739	0	-0.000359538	-0.000345707	
-0.217578	0	-0.00026226	-0.198887	0	-0.000359538	-0.000345707	
0.217578	0	0.00026226	0.198887	0	0.000359538	0.000345707	
-0.218076	0	0.00026226	-0.193289	0	0	0.000345707	
0.218076	0	-0.00026226	0.193289	0	0	-0.000345707	
-0.217316	0	-0.00026226	-0.198123	0	0	-0.000345707	
0.217316	0	0.00026226	0.198123	0	0	0.000345707	
-0.217569	0	0	-0.196363	0	0	0.000345707	
0.217569	0	0	0.196363	0	0	-0.000345707	
-0.216034	0	0	-0.195575	0	0	-0.000345707	
0.216034	0	0	0.195575	0	0	0.000345707	
-0.21348	0	0	-0.192258	0	0	0.000345707	
0.21348	0	0	0.192258	0	0	-0.000345707	
-0.214249	0	0	-0.193812	0	0	-0.000345707	
0.214249	0	0	0.193812	0	0	0.000345707	
-0.213221	0	0.00026226	-0.190447	0	0.000359538	0.000345707	
0.213221	0	-0.00026226	0.190447	0	-0.000359538	-0.000345707	
-0.212964	0	-0.00026226	-0.189449	0	-0.000359538	-0.000345707	
0.212964	0	0.00026226	0.189449	0	0.000359538	0.000345707	
-0.208876	0	0	-0.183082	0	0.000359538	0	
0.208876	0	0	0.183082	0	-0.000359538	0	
-0.209901	0	0	-0.186872	0	-0.000359538	0	
0.209901	0	0	0.186872	0	0.000359538	0	
-0.204533	0	0	-0.175646	0	0	0.000345707	
0.204533	0	0	0.175646	0	0	-0.000345707	
-0.203249	0	0	-0.179741	0	0	-0.000345707	
0.203249	0	0	0.179741	0	0	0.000345707	
-0.199163	0	0	-0.172307	0	0	0.000345707	
0.199163	0	0	0.172307	0	0	-0.000345707	
-0.202233	0	0	-0.174379	0	0	-0.000345707	
0.202233	0	0	0.174379	0	0	0.000345707	
-0.196862	0	0	-0.170256	0	-0.000331613	0.000345707	
0.196862	0	0	0.170256	0	0.000331613	-0.000345707	
-0.197881	0	0	-0.168201	0	0.00069115	-0.000345707	
0.197881	0	0	0.168201	0	-0.00069115	0.000345707	
-0.193793	0	0	-0.169778	0	-0.000359538	0.000345707	
0.193793	0	0	0.169778	0	0.000359538	-0.000345707	
-0.194812	0	0	-0.162603	0	0	-0.000345707	
0.194812	0	0	0.162603	0	0	0.000345707	
-0.194308	0	0	-0.166442	0	0	0.000345707	
0.194308	0	0	0.166442	0	0	-0.000345707	
-0.193027	0	0	-0.162099	0	0	0	
0.193027	0	0	0.162099	0	0	0	
-0.19277	0	0	-0.165415	0	0	0	
0.19277	0	0	0.165415	0	0	0	
-0.192001	0	0	-0.163865	0	0	0	
0.192001	0	0	0.163865	0	0	0	
-0.194049	0	0	-0.159788	0	0	-0.000345707	
0.194049	0	0	0.159788	0	0	0.000345707	
-0.190213	0	0	-0.164652	0	0	0	
0.190213	0	0	0.164652	0	0	0	
-0.189959	0	0	-0.16236	0	0	0.000345707	
0.189959	0	0	0.16236	0	0	-0.000345707	
-0.188935	0	0	-0.162578	0	0.000359538	0	
0.188935	0	0	0.162578	0	-0.000359538	0	
-0.188425	0	0	-0.156717	0	-0.000359538	0	
0.188425	0	0	0.156717	0	0.000359538	0	
-0.187655	0	0	-0.154947	0	0	0	
0.187655	0	0	0.154947	0	0	0	
-0.183822	0	0	-0.155188	0	0	0	
0.183822	0	0	0.155188	0	0	0	
-0.183311	0	0	-0.148556	0	0.000359538	0	
0.183311	0	0	0.148556	0	-0.000359538	0	
-0.178453	0	0	-0.150324	0	-0.000359538	-0.000345707	
0.178453	0	0	0.150324	0	0.000359538	0.000345707	
-0.177944	-0.00026226	0	-0.139068	0	0.000359538	0.000345707	
0.177944	0.00026226	0	0.139068	0	-0.000359538	-0.000345707	
-0.175381	0	-0.00026226	-0.138569	0	0	-0.000345707	
0.175381	0	0.00026226	0.138569	0	0	0.000345707	
-0.174107	0	0	-0.143696	0	-0.000359538	0.000345707	
0.174107	0	0	0.143696	0	0.000359538	-0.000345707	
-0.173599	0	0	-0.136757	0	0	-0.000345707	
0.173599	0	0	0.136757	0	0	0.000345707	
-0.16797	0	0	-0.13883	0	0	0.000345707	
0.16797	0	0	0.13883	0	0	-0.000345707	
-0.16976	0	0	-0.138831	0	0	0	
0.16976	0	0	0.138831	0	0	0	
-0.167716	0	0	-0.13039	0	0.000359538	0	
0.167716	0	0	0.13039	0	-0.000359538	0	
-0.167458	0.00026226	0	-0.13423	0	-0.000359538	0	
0.167458	-0.00026226	0	0.13423	0	0.000359538	0	
-0.169249	0	0	-0.137784	0	0	-0.000345707	
0.169249	0	0	0.137784	0	0	0.000345707	
-0.16516	0	0	-0.130676	0	0.000359538	0.000345707	
0.16516	0	0	0.130676	0	-0.000359538	-0.000345707	
-0.166434	0	0	-0.137784	0	-0.000359538	-0.000345707	
0.166434	0	0	0.137784	0	0.000359538	0.000345707	
-0.167465	0	0	-0.134491	0	0	0.000345707	
0.167465	0	0	0.134491	0	0	-0.000345707	
-0.164388	0	-0.000214577	-0.126006	0	0	-0.000345707	
0.164388	0	0.000214577	0.126006	0	0	0.000345707	
-0.167717	0	0.000214577	-0.132701	0	0	0.000345707	
0.167717	0	-0.000214577	0.132701	0	0	-0.000345707	
-0.164133	0	-0.000214577	-0.136045	0	0	-0.000345707	
0.164133	0	0.000214577	0.136045	0	0	0.000345707	
-0.163628	0	0	-0.127053	0	0.000359538	0.000345707	
0.163628	0	0	0.127053	0	-0.000359538	-0.000345707	
-0.163366	0	0	-0.131155	0	-0.000359538	-0.000345707	
0.163366	0	0	0.131155	0	0.000359538	0.000345707	
-0.162606	0	0	-0.128075	0	0	0.000345707	
0.162606	0	0	0.128075	0	0	-0.000345707	
-0.163366	0	0	-0.124002	0	0.000359538	-0.000345707	
0.163366	0	0	0.124002	0	-0.000359538	0.000345707	
-0.162858	0	0	-0.124501	0	0	0.000345707	
0.162858	0	0	0.124501	0	0	-0.000345707	
-0.159788	0	-0.00026226	-0.124002	0	-0.000359538	-0.000345707	
0.159788	0	0.00026226	0.124002	0	0.000359538	0.000345707	
-0.157745	-0.00026226	0	-0.120162	0	0.000359538	0.000345707	
0.157745	0.00026226	0	0.120162	0	-0.000359538	-0.000345707	
-0.154421	0	0	-0.120404	0	-0.000359538	-0.000345707	
0.154421	0	0	0.120404	0	0.000359538	0.000345707	
-0.152378	0	0	-0.115059	0	0	0.000345707	
0.152378	0	0	0.115059	0	0	-0.000345707	
-0.152373	0	-0.00026226	-0.109198	0	0	-0.000345707	
0.152373	0	0.00026226	0.109198	0	0	0.000345707	
-0.147006	0.00026226	0	-0.110148	0	0	0.000345707	
0.147006	-0.00026226	0	0.110148	0	0	-0.000345707	
-0.148028	-0.00026226	0	-0.109697	0	0	0	
0.148028	0.00026226	0	0.109697	0	0	0	
-0.148033	0	0	-0.112748	0	0	-0.000345707	
0.148033	0	0	0.112748	0	0	0.000345707	
-0.142659	0.00026226	0	-0.106357	0	0	0.000345707	
0.142659	-0.00026226	0	0.106357	0	0	-0.000345707	
-0.143938	0	0	-0.109673	0	0	-0.000345707	
0.143938	0	0	0.109673	0	0	0.000345707	
-0.143427	0	0	-0.105833	0	0	0.000345707	
0.143427	0	0	0.105833	0	0	-0.000345707	
-0.139078	0	-0.00026226	-0.102782	0	0	-0.000345707	
0.139078	0	0.00026226	0.102782	0	0	0.000345707	
-0.13985	0	0	-0.101781	0	0	0.000345707	
0.13985	0	0	0.101781	0	0	-0.000345707	
-0.14087	0	0	-0.105571	0	0	-0.000345707	
0.14087	0	0	0.105571	0	0	0.000345707	
-0.138827	0	0	-0.105858	0	0	0.000345707	
0.138827	0	0	0.105858	0	0	-0.000345707	
-0.13729	0	0	-0.104308	0	0	-0.000345707	
0.13729	0	0	0.104308	0	0	0.000345707	
-0.137547	0	0	-0.104549	0	0	0.000345707	
0.137547	0	0	0.104549	0	0	-0.000345707	
-0.136781	0	0	-0.104307	0	0	0	
0.136781	0	0	0.104307	0	0	0	
-0.136778	0	-0.00026226	-0.101257	0	0	0	
0.136778	0	0.00026226	0.101257	0	0	0	
-0.137804	0	0	-0.100468	0	0.000359538	-0.000345707	
0.137804	0	0	0.100468	0	-0.000359538	0.000345707	
-0.138569	0	0	-0.099732	0	-0.000359538	0.000345707	
0.138569	0	0	0.099732	0	0.000359538	-0.000345707	
-0.136268	0	-0.00026226	-0.100182	0	0	-0.000345707	
0.136268	0	0.00026226	0.100182	0	0	0.000345707	
-0.135504	0	0	-0.103571	0	0	0.000345707	
0.135504	0	0	0.103571	0	0	-0.000345707	
-0.134991	0	0	-0.0996828	0	0	-0.000345707	
0.134991	0	0	0.0996828	0	0	0.000345707	
-0.133455	-0.00026226	0	-0.0989668	0	0	0.000345707	
0.133455	0.00026226	0	0.0989668	0	0	-0.000345707	
-0.135759	0	0	-0.0973925	0	0	0	
0.135759	0	0	0.0973925	0	0	0	
-0.135246	0.00026226	0	-0.0974178	0	0	0	
0.135246	-0.00026226	0	0.0974178	0	0	0	
-0.129364	0	0	-0.0920311	0	0	0	
0.129364	0	0	0.0920311	0	0	0	
-0.130899	0	-0.000238419	-0.0887148	0	0	0	
0.130899	0	0.000238419	0.0887148	0	0	0	
-0.130132	0	0	-0.0920281	0	0	-0.000345707	
0.130132	0	0	0.0920281	0	0	0.000345707	
-0.128603	0	0	-0.091815	0	0	0.000345707	
0.128603	0	0	0.091815	0	0	-0.000345707	
-0.126295	0	0	-0.0889555	0	0	-0.000345707	
0.126295	0	0	0.0889555	0	0	0.000345707	
-0.126809	0	0	-0.0833504	0	0.000359538	0.000345707	
0.126809	0	0	0.0833504	0	-0.000359538	-0.000345707	
-0.126299	0	0	-0.0815623	0	-0.000359538	0	
0.126299	0	0	0.0815623	0	0.000359538	0	
-0.119394	0	0	-0.0794895	0	0	0	
0.119394	0	0	0.0794895	0	0	0	
-0.121182	0	0	-0.08054	0	0	0	
0.121182	0	0	0.08054	0	0	0	
-0.120161	0	0	-0.0800371	0	0	0	
0.120161	0	0	0.0800371	0	0	0	
-0.119141	0	0	-0.0779606	0	0	0	
0.119141	0	0	0.0779606	0	0	0	
-0.116839	0	0	-0.078512	0	0	0	
0.116839	0	0	0.078512	0	0	0	
-0.11735	0	0	-0.0835903	0	0	0	
0.11735	0	0	0.0835903	0	0	0	
-0.117603	0	0	-0.0825889	0	0	0	
0.117603	0	0	0.0825889	0	0	0	
-0.114284	-0.00026226	0	-0.0794858	0	0	-0.000345707	
0.114284	0.00026226	0	0.0794858	0	0	0.000345707	
-0.114794	0.00026226	0	-0.0777513	0	0	0.000345707	
0.114794	-0.00026226	0	0.0777513	0	0	-0.000345707	
-0.115299	0	-0.00026226	-0.072857	0	0	0	
0.115299	0	0.00026226	0.072857	0	0	0	
-0.117353	0	0	-0.0746511	0	0	0	
0.117353	0	0	0.0746511	0	0	0	
-0.111213	0	0	-0.0730976	0	0	0	
0.111213	0	0	0.0730976	0	0	0	
-0.111724	0	0	-0.0688083	0	0.000359538	0	
0.111724	0	0	0.0688083	0	-0.000359538	0	
-0.110449	0	0	-0.0736006	0	-0.000359538	0	
0.110449	0	0	0.0736006	0	0.000359538	0	
-0.111979	0	0	-0.0761732	0	0	0	
0.111979	0	0	0.0761732	0	0	0	
-0.105844	0	0	-0.0772476	0	0	-0.000345707	
0.105844	0	0	0.0772476	0	0	0.000345707	
-0.107634	0	0	-0.0802539	0	0	0.000345707	
0.107634	0	0	0.0802539	0	0	-0.000345707	
-0.1084	0	0	-0.073646	0	0	0	
0.1084	0	0	0.073646	0	0	0	
-0.108147	0	-0.00026226	-0.0723615	0	0	-0.000345707	
0.108147	0	0.00026226	0.0723615	0	0	0.000345707	
-0.104311	0	0	-0.0728849	0	0	0.000345707	
0.104311	0	0	0.0728849	0	0	-0.000345707	
-0.105844	0	0	-0.0692371	0	0	0	
0.105844	0	0	0.0692371	0	0	0	
-0.102775	0	0	-0.0708323	0	0	-0.000345707	
0.102775	0	0	0.0708323	0	0	0.000345707	
-0.105593	0	0	-0.0705708	0	0	0.000345707	
0.105593	0	0	0.0705708	0	0	-0.000345707	
-0.102262	0	0	-0.0649229	0	0	-0.000345707	
0.102262	0	0	0.0649229	0	0	0.000345707	
-0.10508	0	0	-0.0647061	0	0	0.000345707	
0.10508	0	0	0.0647061	0	0	-0.000345707	
-0.103799	0	0	-0.0664484	0	0	0	
0.103799	0	0	0.0664484	0	0	0	
-0.103797	0	0	-0.0682808	0	0	0	
0.103797	0	0	0.0682808	0	0	0	
-0.098943	-0.00026226	0	-0.0667099	0	0	0	
0.098943	0.00026226	0	0.0667099	0	0	0	
-0.0948519	0.00026226	0	-0.0649717	0	0	0	
0.0948519	-0.00026226	0	0.0649717	0	0	0	
-0.0961296	0	-0.000214577	-0.0641339	0	0	0	
0.0961296	0	0.000214577	0.0641339	0	0	0	
-0.0971518	0	0	-0.0611074	0	0	0	
0.0971518	0	0	0.0611074	0	0	0	
-0.0966422	0	0	-0.0590548	0	0	0	
0.0966422	0	0	0.0590548	0	0	0	
-0.0892252	0	0	-0.0596032	0	0	0	
0.0892252	0	0	0.0596032	0	0	0	
-0.091783	0	0	-0.0595577	0	0	0	
0.091783	0	0	0.0595577	0	0	0	
-0.0915252	0	0	-0.0559829	0	0	0	
0.0915252	0	0	0.0559829	0	0	0	
-0.0910185	0	0	-0.0537146	0	0	0	
0.0910185	0	0	0.0537146	0	0	0	
-0.0917837	0	0	-0.0490647	0	0	0	
0.0917837	0	0	0.0490647	0	0	0	
-0.0869244	0	0	-0.0506178	0	0	0	
0.0869244	0	0	0.0506178	0	0	0	
-0.08846	0	-0.00026226	-0.0562415	0	0	0	
0.08846	0	0.00026226	0.0562415	0	0	0	
-0.0864148	0	0	-0.0582941	0	0	0	
0.0864148	0	0	0.0582941	0	0	0	
-0.0861563	0	0	-0.0600569	0	0	0	
0.0861563	0	0	0.0600569	0	0	0	
-0.0846282	0	0	-0.0577949	0	0	0	
0.0846282	0	0	0.0577949	0	0	0	
-0.0805326	0	0	-0.0529289	0	0	0	
0.0805326	0	0	0.0529289	0	0	0	
-0.0836015	0	0	-0.0509005	0	0	0	
0.0836015	0	0	0.0509005	0	0	0	
-0.0838593	0	0	-0.0500947	0	0	0	
0.0838593	0	0	0.0500947	0	0	0	
-0.0843659	0	0	-0.0506144	0	0	0	
0.0843659	0	0	0.0506144	0	0	0	
-0.0836045	0	0	-0.0521645	0	0	0	
0.0836045	0	0	0.0521645	0	0	0	
-0.078743	0	0	-0.0521433	0	0	0	
0.078743	0	0	0.0521433	0	0	0	
-0.0815585	0	-0.000309944	-0.0529289	0	0	0	
0.0815585	0	0.000309944	0.0529289	0	0	0	
-0.0813015	0	0	-0.0519026	0	0	0	
0.0813015	0	0	0.0519026	0	0	0	
-0.0813007	0	0	-0.0473052	0	0	0	
0.0813007	0	0	0.0473052	0	0	0	
-0.0833429	0	0	-0.0454903	0	0	0	
0.0833429	0	0	0.0454903	0	0	0	
-0.0797689	0	0	-0.045773	0	0	0	
0.0797689	0	0	0.045773	0	0	0	
-0.0807911	0	0	-0.0480421	0	0	0	
0.0807911	0	0	0.0480421	0	0	0	
-0.0810422	0	0	-0.0527158	0	0	0	
0.0810422	0	0	0.0527158	0	0	0	
-0.0805371	0	0	-0.0534073	0	0	0	
0.0805371	0	0	0.0534073	0	0	0	
-0.0800192	0	0	-0.0526633	0	0	0	
0.0800192	0	0	0.0526633	0	0	0	
-0.0784911	0	-0.000238419	-0.05088	0	0	0	
0.0784911	0	0.000238419	0.05088	0	0	0	
-0.0756741	0	0	-0.0478044	0	0	0	
0.0756741	0	0	0.0478044	0	0	0	
-0.0787459	0	0	-0.0447504	0	0	0	
0.0787459	0	0	0.0447504	0	0	0	
-0.080023	0	0	-0.0450119	0	0	0	
0.080023	0	0	0.0450119	0	0	0	
-0.0802785	0	0	-0.044705	0	0	0	
0.0802785	0	0	0.044705	0	0	0	
-0.0805326	0	0	-0.0450119	0	0	0	
0.0805326	0	0	0.0450119	0	0	0	
-0.0761874	0	0	-0.0455149	0	0	0	
0.0761874	0	0	0.0455149	0	0	0	
-0.0751682	0	0	-0.0447292	0	0	0	
0.0751682	0	0	0.0447292	0	0	0	
-0.0766963	0	0	-0.0449877	0	0	0	
0.0766963	0	0	0.0449877	0	0	0	
-0.0746548	0	0	-0.042963	0	0	0	
0.0746548	0	0	0.042963	0	0	0	
-0.0759289	0	0	-0.0411756	0	0	0	
0.0759289	0	0	0.0411756	0	0	0	
-0.0772133	0	0	-0.0406489	0	0	0	
0.0772133	0	0	0.0406489	0	0	0	
-0.0720963	0	-0.000238419	-0.039364	0	0	0	
0.0720963	0	0.000238419	0.039364	0	0	0	
-0.0746548	0	0	-0.0408895	0	0	0	
0.0746548	0	0	0.0408895	0	0	0	
-0.0733733	0	0	-0.0416994	0	0	0	
0.0733733	0	0	0.0416994	0	0	0	
-0.0723541	0	0	-0.0421986	0	0	0	
0.0723541	0	0	0.0421986	0	0	0	
-0.0713281	0	0	-0.0416506	0	0	0	
0.0713281	0	0	0.0416506	0	0	0	
-0.0713319	0	0	-0.0411756	0	0	0	
0.0713319	0	0	0.0411756	0	0	0	
-0.0659592	0	0	-0.036289	0	0	0	
0.0659592	0	0	0.036289	0	0	0	
-0.0674993	0	0	-0.035549	0	0	0	
0.0674993	0	0	0.035549	0	0	0	
-0.06826	0	0	-0.0352835	0	0	0	
0.06826	0	0	0.0352835	0	0	0	
-0.0667274	0	0	-0.0357654	0	0	0	
0.0667274	0	0	0.0357654	0	0	0	
-0.0664726	0	0	-0.0358071	0	0	0	
0.0664726	0	0	0.0358071	0	0	0	
-0.06724	0	0	-0.034526	0	0	0	
0.06724	0	0	0.034526	0	0	0	
-0.0636593	0	0	-0.0322083	0	0	0	
0.0636593	0	0	0.0322083	0	0	0	
-0.061617	0	0	-0.0314474	0	0	0	
0.061617	0	0	0.0314474	0	0	0	
-0.0631496	0	0	-0.032711	0	0	0	
0.0631496	0	0	0.032711	0	0	0	
-0.0623785	0	0	-0.033999	0	0	0	
0.0623785	0	0	0.033999	0	0	0	
-0.0618719	0	0	-0.0327108	0	0	0	
0.0618719	0	0	0.0327108	0	0	0	
-0.0613585	0	0	-0.0314718	0	0	0	
0.0613585	0	0	0.0314718	0	0	0	
-0.0628948	0	0	-0.0299219	0	0	0	
0.0628948	0	0	0.0299219	0	0	0	
-0.0588037	0	-0.000286102	-0.0286339	0	0	0	
0.0588037	0	0.000286102	0.0286339	0	0	0	
-0.057777	0	0	-0.0288712	0	0	0	
0.057777	0	0	0.0288712	0	0	0	
-0.0585489	0	0	-0.0311855	0	0	0	
0.0585489	0	0	0.0311855	0	0	0	
-0.0588	0	0	-0.0332346	0	0	0	
0.0588	0	0	0.0332346	0	0	0	
-0.0577815	0	0	-0.0332382	0	0	0	
0.0577815	0	0	0.0332382	0	0	0	
-0.0567578	0	0	-0.0329971	0	0	0	
0.0567578	0	0	0.0329971	0	0	0	
-0.0580356	0	0	-0.0314683	0	0	0	
0.0580356	0	0	0.0314683	0	0	0	
-0.057523	0	0	-0.0306619	0	0	0	
0.057523	0	0	0.0306619	0	0	0	
-0.0539482	0	0	-0.0298975	0	0	0	
0.0539482	0	0	0.0298975	0	0	0	
-0.0552222	0	0	-0.0312099	0	0	0	
0.0552222	0	0	0.0312099	0	0	0	
-0.055477	0	0	-0.0319466	0	0	0	
0.055477	0	0	0.0319466	0	0	0	
-0.056503	0	0	-0.0304244	0	0	0	
0.056503	0	0	0.0304244	0	0	0	
-0.0552222	0	0	-0.0281313	0	0	0	
0.0552222	0	0	0.0281313	0	0	0	
-0.0557356	0	0	-0.0281103	0	0	0	
0.0557356	0	0	0.0281103	0	0	0	
-0.0572674	0	0	-0.0268221	0	0	0	
0.0572674	0	0	0.0268221	0	0	0	
-0.0549674	0	0	-0.0266058	0	0	0	
0.0549674	0	0	0.0266058	0	0	0	
-0.0526674	0	0	-0.0276355	0	0	0	
0.0526674	0	0	0.0276355	0	0	0	
-0.0531763	0	0	-0.0291331	0	0	-0.000345707	
0.0531763	0	0	0.0291331	0	0	0.000345707	
-0.054203	0	0	-0.0306619	0	0	0.000345707	
0.054203	0	0	0.0306619	0	0	-0.000345707	
-0.053177	0	0	-0.0283966	0	0	0	
0.053177	0	0	0.0283966	0	0	0	
-0.05318	0	0	-0.0273459	0	0	0	
0.05318	0	0	0.0273459	0	0	0	
-0.0526674	0	0	-0.0263683	0	0	0	
0.0526674	0	0	0.0263683	0	0	0	
-0.0544541	0	0	-0.0250105	0	0	0	
0.0544541	0	0	0.0250105	0	0	0	
-0.0534348	0	0	-0.0255831	0	0	0	
0.0534348	0	0	0.0255831	0	0	0	
-0.0508763	0	0	-0.0247698	0	0	0	
0.0508763	0	0	0.0247698	0	0	0	
-0.0511311	0	0	-0.0250839	0	0	0	
0.0511311	0	0	0.0250839	0	0	0	
-0.0524122	0	0	-0.024794	0	0	0	
0.0524122	0	0	0.024794	0	0	0	
-0.0518993	0	-0.000238419	-0.0245323	0	0	0	
0.0518993	0	0.000238419	0.0245323	0	0	0	
-0.0508763	0	0	-0.0232933	0	0	0	
0.0508763	0	0	0.0232933	0	0	0	
-0.0498571	0	0	-0.0237713	0	0	0	
0.0498571	0	0	0.0237713	0	0	0	
-0.0506181	0	0	-0.0232687	0	0	0	
0.0506181	0	0	0.0232687	0	0	0	
-0.0516444	0	0	-0.0240332	0	0	0	
0.0516444	0	0	0.0240332	0	0	0	
-0.0478115	0	0	-0.0240088	0	0	0	
0.0478115	0	0	0.0240088	0	0	0	
-0.0465304	0	0	-0.0248186	0	0	0	
0.0465304	0	0	0.0248186	0	0	0	
-0.0467852	0	0	-0.0255587	0	0	0	
0.0467852	0	0	0.0255587	0	0	0	
-0.0485763	0	0	-0.0271084	0	0	0	
0.0485763	0	0	0.0271084	0	0	0	
-0.0480663	0	0	-0.0255831	0	0	0	
0.0480663	0	0	0.0255831	0	0	0	
-0.0462722	0	0	-0.0237714	0	0	0	
0.0462722	0	0	0.0237714	0	0	0	
-0.0457659	0	0	-0.0222424	0	0	0	
0.0457659	0	0	0.0222424	0	0	0	
-0.0462756	0	0	-0.0211952	0	0	0	
0.0462756	0	0	0.0211952	0	0	0	
-0.0465307	0	0	-0.0209825	0	0	0	
0.0465307	0	0	0.0209825	0	0	0	
-0.0455074	0	0	-0.0191671	0	0	0	
0.0455074	0	0	0.0191671	0	0	0	
-0.0426944	0	0	-0.0181445	0	0	0	
0.0426944	0	0	0.0181445	0	0	0	
-0.0424393	0	0	-0.0186925	0	0	0	
0.0424393	0	0	0.0186925	0	0	0	
-0.045253	0	0	-0.019408	0	0	0	
0.045253	0	0	0.019408	0	0	0	
-0.0447433	0	0	-0.0191673	0	0	0	
0.0447433	0	0	0.0191673	0	0	0	
-0.0429489	0	0	-0.0184307	0	0	0	
0.0429489	0	0	0.0184307	0	0	0	
-0.0434659	0	0	-0.0181444	0	0	0	
0.0434659	0	0	0.0181444	0	0	0	
-0.0419263	0	0	-0.0178792	0	0	0	
0.0419263	0	0	0.0178792	0	0	0	
-0.0426978	0	0	-0.0186925	0	0	0	
0.0426978	0	0	0.0186925	0	0	0	
-0.0434622	0	0	-0.0176453	0	0	0	
0.0434622	0	0	0.0176453	0	0	0	
-0.0414167	0	0	-0.0168564	0	0	0	
0.0414167	0	0	0.0168564	0	0	0	
-0.0403937	0	0	-0.0166155	0	0	0	
0.0403937	0	0	0.0166155	0	0	0	
-0.0383519	0	0	-0.0171182	0	0	0	
0.0383519	0	0	0.0171182	0	0	0	
-0.0401393	0	0	-0.0184307	0	0	0	
0.0401393	0	0	0.0184307	0	0	0	
-0.0396259	0	0	-0.0184062	0	0	0	
0.0396259	0	0	0.0184062	0	0	0	
-0.0393711	0	0	-0.0184063	0	0	0	
0.0393711	0	0	0.0184063	0	0	0	
-0.0386067	0	0	-0.0191428	0	0	0	
0.0386067	0	0	0.0191428	0	0	0	
-0.0375841	0	0	-0.0199805	0	0	0	
0.0375841	0	0	0.0199805	0	0	0	
-0.0360478	0	0	-0.0183818	0	0	0	
0.0360478	0	0	0.0183818	0	0	0	
-0.0373255	0	0	-0.01738	0	0	0	
0.0373255	0	0	0.01738	0	0	0	
-0.0388615	0	0	-0.0158581	0	0	0	
0.0388615	0	0	0.0158581	0	0	0	
-0.0370711	0	0	-0.0135647	0	0	0	
0.0370711	0	0	0.0135647	0	0	0	
-0.03528	0	0	-0.0127793	0	0	0	
0.03528	0	0	0.0127793	0	0	0	
-0.0355382	0	0	-0.0122556	0	0	0	
0.0355382	0	0	0.0122556	0	0	0	
-0.0360481	0	0	-0.0128003	0	0	0	
0.0360481	0	0	0.0128003	0	0	0	
-0.0365611	0	0	-0.0140429	0	0	0	
0.0365611	0	0	0.0140429	0	0	0	
-0.0365578	0	0	-0.0140673	0	0	0	
0.0365578	0	0	0.0140673	0	0	0	
-0.0355385	0	0	-0.01383	0	0	0	
0.0355385	0	0	0.01383	0	0	0	
-0.0347704	0	0	-0.0137811	0	0	0	
0.0347704	0	0	0.0137811	0	0	0	
-0.0345156	0	0	-0.0130411	0	0	0	
0.0345156	0	0	0.0130411	0	0	0	
-0.0337478	0	0	-0.0138021	0	0	0	
0.0337478	0	0	0.0138021	0	0	0	
-0.0342574	0	0	-0.0135682	0	0	0	
0.0342574	0	0	0.0135682	0	0	0	
-0.0347704	0	0	-0.0140673	0	0	0	
0.0347704	0	0	0.0140673	0	0	0	
-0.0337478	0	0	-0.0140639	0	0	0	
0.0337478	0	0	0.0140639	0	0	0	
-0.0311922	0	0	-0.0125174	0	0	0	
0.0311922	0	0	0.0125174	0	0	0	
-0.0309344	0	0	-0.0133029	0	0	0	
0.0309344	0	0	0.0133029	0	0	0	
-0.0296567	0	0	-0.0142838	0	0	-0.000345707	
0.0296567	0	0	0.0142838	0	0	0.000345707	
-0.0306793	0	0	-0.0148527	0	0	0.000345707	
0.0306793	0	0	0.0148527	0	0	-0.000345707	
-0.0309344	0	0	-0.0150901	0	0	0	
0.0309344	0	0	0.0150901	0	0	0	
-0.0317056	0	0	-0.0140673	0	0	0	
0.0317056	0	0	0.0140673	0	0	0	
-0.0311889	0	-0.000238419	-0.0135194	0	0	0	
0.0311889	0	0.000238419	0.0135194	0	0	0	
-0.0311926	0	0	-0.0128037	0	0	0	
0.0311926	0	0	0.0128037	0	0	0	
-0.0309341	0	0	-0.0132784	0	0	0	
0.0309341	0	0	0.0132784	0	0	0	
-0.0309344	0	0	-0.0140673	0	0	0	
0.0309344	0	0	0.0140673	0	0	0	
-0.0306793	0	0	-0.0140673	0	0	0	
0.0306793	0	0	0.0140673	0	0	0	
-0.0311926	0	0	-0.0148039	0	0	0	
0.0311926	0	0	0.0148039	0	0	0	
-0.0322118	0	0	-0.0140673	0	0	0	
0.0322118	0	0	0.0140673	0	0	0	
-0.0314474	0	0	-0.01383	0	0	0	
0.0314474	0	0	0.01383	0	0	0	
-0.029147	0	0	-0.0135158	0	0	0	
0.029147	0	0	0.0135158	0	0	0	
-0.0286337	0	0	-0.0143536	0	0	0	
0.0286337	0	0	0.0143536	0	0	0	
-0.0273563	0	0	-0.0155928	0	0	0	
0.0273563	0	0	0.0155928	0	0	0	
-0.0276111	0	0	-0.0150692	0	0	0	
0.0276111	0	0	0.0150692	0	0	0	
-0.0286337	0	0	-0.0138265	0	0	0	
0.0286337	0	0	0.0138265	0	0	0	
-0.0296567	0	0	-0.0112294	0	0	0	
0.0296567	0	0	0.0112294	0	0	0	
-0.0299115	0	0	-0.00894307	0	0	0	
0.0299115	0	0	0.00894307	0	0	0	
-0.0296604	0	0	-0.0081996	0	0	0	
0.0296604	0	0	0.0081996	0	0	0	
-0.0299115	0	0	-0.00715232	0	0	0	
0.0299115	0	0	0.00715232	0	0	0	
-0.0299111	0	0	-0.00765501	0	0	0	
0.0299111	0	0	0.00765501	0	0	0	
-0.0288922	0	0	-0.00743861	0	0	-0.000345707	
0.0288922	0	0	0.00743861	0	0	0.000345707	
-0.0296567	0	0	-0.00815419	0	0	0.000345707	
0.0296567	0	0	0.00815419	0	0	-0.000345707	
-0.0291437	0	0	-0.00717677	0	0	0	
0.0291437	0	0	0.00717677	0	0	0	
-0.0306793	0	0	-0.00817515	0	0	0	
0.0306793	0	0	0.00817515	0	0	0	
-0.0288922	0	0	-0.00717677	0	0	0	
0.0288922	0	0	0.00717677	0	0	0	
-0.0270981	0	0	-0.0078924	0	0	0	
0.0270981	0	0	0.0078924	0	0	0	
-0.0258237	0	0	-0.00846484	0	0	0	
0.0258237	0	0	0.00846484	0	0	0	
-0.0258204	0	0	-0.0102276	0	0	0	
0.0258204	0	0	0.0102276	0	0	0	
-0.0258241	0	0	-0.0102032	0	0	0	
0.0258241	0	0	0.0102032	0	0	0	
-0.0258204	0	0	-0.0115157	0	0	0	
0.0258204	0	0	0.0115157	0	0	0	
-0.0263333	0	0	-0.0107547	0	0	0	
0.0263333	0	0	0.0107547	0	0	0	
-0.0260789	0	0	-0.00970401	0	0	0	
0.0260789	0	0	0.00970401	0	0	0	
-0.0265881	0	0	-0.00970056	0	0	0	
0.0265881	0	0	0.00970056	0	0	0	
-0.0258205	0	0	-0.00896747	0	0	-0.000345707	
0.0258205	0	0	0.00896747	0	0	0.000345707	
-0.0248011	0	0	-0.00922582	0	0	0.000345707	
0.0248011	0	0	0.00922582	0	0	-0.000345707	
-0.0253107	0	0	-0.00893958	0	0	0	
0.0253107	0	0	0.00893958	0	0	0	
-0.0240332	0	0	-0.00893958	0	0	0	
0.0240332	0	0	0.00893958	0	0	0	
-0.0247978	0	0	-0.00894307	0	0	0	
0.0247978	0	0	0.00894307	0	0	0	
-0.024288	0	0	-0.00867778	0	0	0	
0.024288	0	0	0.00867778	0	0	0	
-0.0253107	0	0	-0.00870219	0	0	0	
0.0253107	0	0	0.00870219	0	0	0	
-0.0245428	0	0	-0.00717682	0	0	0	
0.0245428	0	0	0.00717682	0	0	0	
-0.0245463	0	0	-0.00715232	0	0	0	
0.0245463	0	0	0.00715232	0	0	0	
-0.0224974	0	0	-0.00712792	0	0	0	
0.0224974	0	0	0.00712792	0	0	0	
-0.0217292	0	0	-0.00741417	0	0	0	
0.0217292	0	0	0.00741417	0	0	0	
-0.0219878	0	0	-0.00870223	0	0	0	
0.0219878	0	0	0.00870223	0	0	0	
-0.021478	0	0	-0.00844039	0	0	0	
0.021478	0	0	0.00844039	0	0	0	
-0.0214744	0	0	-0.00920487	0	0	0	
0.0214744	0	0	0.00920487	0	0	0	
-0.0227556	0	0	-0.00920137	0	0	0	
0.0227556	0	0	0.00920137	0	0	0	
-0.0219842	0	0	-0.00844044	0	0	0	
0.0219842	0	0	0.00844044	0	0	0	
-0.0227556	0	0	-0.00867778	0	0	0	
0.0227556	0	0	0.00867778	0	0	0	
-0.0227557	0	0	-0.0081786	0	0	0	
0.0227557	0	0	0.0081786	0	0	0	
-0.0207065	0	0	-0.00870223	0	0	0	
0.0207065	0	0	0.00870223	0	0	0	
-0.0212198	0	0	-0.00741412	0	0	0	
0.0212198	0	0	0.00741412	0	0	0	
-0.0217328	0	0	-0.00741417	0	0	0	
0.0217328	0	0	0.00741417	0	0	0	
-0.0209648	0	0	-0.00639139	0	0	0	
0.0209648	0	0	0.00639139	0	0	0	
-0.020965	0	0	-0.00588875	0	0	0	
0.020965	0	0	0.00588875	0	0	0	
-0.0217292	0	0	-0.00588875	0	0	0	
0.0217292	0	0	0.00588875	0	0	0	
-0.0207102	0	0	-0.00510332	0	0	0	
0.0207102	0	0	0.00510332	0	0	0	
-0.0214744	0	0	-0.00562696	0	0	0	
0.0214744	0	0	0.00562696	0	0	0	
-0.0227556	0	0	-0.00562693	0	0	0	
0.0227556	0	0	0.00562693	0	0	0	
-0.0219842	0	0	-0.00486251	0	0	0	
0.0219842	0	0	0.00486251	0	0	0	
-0.021478	0	0	-0.00486248	0	0	0	
0.021478	0	0	0.00486248	0	0	0	
-0.0212198	0	0	-0.00457973	0	0	0	
0.0212198	0	0	0.00457973	0	0	0	
-0.0194289	0	0	-0.00486251	0	0	0	
0.0194289	0	0	0.00486251	0	0	0	
-0.0194326	0	0	-0.00588873	0	0	0	
0.0194326	0	0	0.00588873	0	0	0	
-0.0184063	0	0	-0.00665321	0	0	0	
0.0184063	0	0	0.00665321	0	0	0	
-0.0189193	0	0	-0.00689055	0	0	-0.000345707	
0.0189193	0	0	0.00689055	0	0	0.000345707	
-0.0194291	0	0	-0.00741417	0	0	0.000345707	
0.0194291	0	0	0.00741417	0	0	-0.000345707	
-0.0196872	0	0	-0.00615052	0	0	0	
0.0196872	0	0	0.00615052	0	0	0	
-0.0199422	0	0	-0.00588875	0	0	0	
0.0199422	0	0	0.00588875	0	0	0	
-0.0189193	0	0	-0.00560251	0	0	0	
0.0189193	0	0	0.00560251	0	0	0	
-0.0186646	0	0	-0.00486248	0	0	0	
0.0186646	0	0	0.00486248	0	0	0	
-0.0189194	0	0	-0.00486597	0	0	0	
0.0189194	0	0	0.00486597	0	0	0	
-0.0186609	0	0	-0.00483806	0	0	0	
0.0186609	0	0	0.00483806	0	0	0	
-0.0189194	0	0	-0.00486597	0	0	0	
0.0189194	0	0	0.00486597	0	0	0	
-0.0186644	0	0	-0.00509985	0	0	0	
0.0186644	0	0	0.00509985	0	0	0	
-0.0184063	0	0	-0.00460418	0	0	0	
0.0184063	0	0	0.00460418	0	0	0	
-0.0176419	0	0	-0.00486248	0	0	-0.000345707	
0.0176419	0	0	0.00486248	0	0	0.000345707	
-0.0171287	0	0	-0.00488693	0	0	0	
0.0171287	0	0	0.00488693	0	0	0	
-0.0171285	0	0	-0.00457973	0	0	0	
0.0171285	0	0	0.00457973	0	0	0	
-0.017387	0	0	-0.00483806	0	0	0.000345707	
0.017387	0	0	0.00483806	0	0	-0.000345707	
-0.0178967	0	0	-0.00462513	0	0	0	
0.0178967	0	0	0.00462513	0	0	0	
-0.0176417	0	0	-0.00436332	0	0	-0.000345707	
0.0176417	0	0	0.00436332	0	0	0.000345707	
-0.0171287	0	0	-0.00405265	0	0	0.000345707	
0.0171287	0	0	0.00405265	0	0	-0.000345707	
-0.0163607	0	0	-0.00460069	0	0	0	
0.0163607	0	0	0.00460069	0	0	0	
-0.0155963	0	0	-0.00460418	0	0	-0.000345707	
0.0155963	0	0	0.00460418	0	0	0.000345707	
-0.0150831	0	0	-0.00486248	0	0	0	
0.0150831	0	0	0.00486248	0	0	0	
-0.0145735	0	0	-0.00565138	0	0	0.000345707	
0.0145735	0	0	0.00565138	0	0	-0.000345707	
-0.0140604	0	0	-0.00560251	0	0	-0.000345707	
0.0140604	0	0	0.00560251	0	0	0.000345707	
-0.0140639	0	0	-0.00615055	0	0	0.000345707	
0.0140639	0	0	0.00615055	0	0	-0.000345707	
-0.0145733	0	0	-0.00636696	0	0	0	
0.0145733	0	0	0.00636696	0	0	0	
-0.0143154	0	0	-0.00588873	0	0	-0.000345707	
0.0143154	0	0	0.00588873	0	0	0.000345707	
-0.0145733	0	0	-0.00562693	0	0	0.000345707	
0.0145733	0	0	0.00562693	0	0	-0.000345707	
-0.0145735	0	0	-0.00562696	0	0	0	
0.0145735	0	0	0.00562696	0	0	0	
-0.0150831	0	0	-0.00462511	0	0	0	
0.0150831	0	0	0.00462511	0	0	0	
-0.0150831	0	0	-0.0046007	0	0	0	
0.0150831	0	0	0.0046007	0	0	0	
-0.0150867	0	0	-0.00381528	0	0	0	
0.0150867	0	0	0.00381528	0	0	0	
-0.015338	0	-0.00026226	-0.00333708	0	0	0	
0.015338	0	0.00026226	0.00333708	0	0	0	
-0.0155963	0	0	-0.00305083	0	0	0	
0.0155963	0	0	0.00305083	0	0	0	
-0.0148283	0	0	-0.00231431	0	0	0	
0.0148283	0	0	0.00231431	0	0	0	
-0.0148283	0	0	-0.00281347	0	0	-0.000345707	
0.0148283	0	0	0.00281347	0	0	0.000345707	
-0.0145733	0	0	-0.00255167	0	0	0.000345707	
0.0145733	0	0	0.00255167	0	0	-0.000345707	
-0.0138056	0	0	-0.00305084	0	0	0	
0.0138056	0	0	0.00305084	0	0	0	
-0.0148283	0	0	-0.00307526	0	0	-0.000345707	
0.0148283	0	0	0.00307526	0	0	0.000345707	
-0.0138056	0	0	-0.00357444	0	0	0.000345707	
0.0138056	0	0	0.00357444	0	0	-0.000345707	
-0.0143187	0	0	-0.00357792	0	0	0	
0.0143187	0	0	0.00357792	0	0	0	
-0.0138056	0	0	-0.00357444	0	0	0	
0.0138056	0	0	0.00357444	0	0	0	
-0.0138056	0	0	-0.00383973	0	0	0	
0.0138056	0	0	0.00383973	0	0	0	
-0.0138056	0	0	-0.00383973	0	0	0	
0.0138056	0	0	0.00383973	0	0	0	
-0.0135507	0	0	-0.00359886	0	0	0	
0.0135507	0	0	0.00359886	0	0	0	
-0.0138056	0	0	-0.00357792	0	0	0	
0.0138056	0	0	0.00357792	0	0	0	
-0.0135507	0	0	-0.00357444	0	0	0	
0.0135507	0	0	0.00357444	0	0	0	
-0.0140604	0	0	-0.0035535	0	0	0	
0.0140604	0	0	0.0035535	0	0	0	
-0.0132924	0	0	-0.0030997	0	0	0	
0.0132924	0	0	0.0030997	0	0	0	
-0.0135507	0	0	-0.0032882	0	0	0	
0.0135507	0	0	0.0032882	0	0	0	
-0.0130376	0	0	-0.00360237	0	0	0	
0.0130376	0	0	0.00360237	0	0	0	
-0.0122732	0	0	-0.00383623	0	0	-0.000345707	
0.0122732	0	0	0.00383623	0	0	0.000345707	
-0.0125282	0	0	-0.00381529	0	0	0.000345707	
0.0125282	0	0	0.00381529	0	0	-0.000345707	
-0.0122732	0	0	-0.00357792	0	0	0	
0.0122732	0	0	0.00357792	0	0	0	
-0.0120148	0	0	-0.0033615	0	0	0	
0.0120148	0	0	0.0033615	0	0	0	
-0.01176	0	0	-0.0032882	0	0	0	
0.01176	0	0	0.0032882	0	0	0	
-0.012528	0	0	-0.00307877	0	0	0	
0.012528	0	0	0.00307877	0	0	0	
-0.012528	0	0	-0.00333707	0	0	0	
0.012528	0	0	0.00333707	0	0	0	
-0.0122732	0	0	-0.00305083	0	0	0	
0.0122732	0	0	0.00305083	0	0	0	
-0.0122697	0	0	-0.00281347	0	0	0	
0.0122697	0	0	0.00281347	0	0	0	
-0.0127828	0	0	-0.0028379	0	0	0	
0.0127828	0	0	0.0028379	0	0	0	
-0.013041	0	0	-0.00252724	0	0	0	
0.013041	0	0	0.00252724	0	0	0	
-0.0120149	0	0	-0.00178722	0	0	0	
0.0120149	0	0	0.00178722	0	0	0	
-0.0120148	0	0	-0.00181165	0	0	0	
0.0120148	0	0	0.00181165	0	0	0	
-0.0122732	0	0	-0.00152542	0	0	0	
0.0122732	0	0	0.00152542	0	0	0	
-0.0122732	0	0	-0.00128805	0	0	0	
0.0122732	0	0	0.00128805	0	0	0	
-0.0115053	0	0	-0.00123918	0	0	0	
0.0115053	0	0	0.00123918	0	0	0	
-0.0107372	0	0	-0.00131249	0	0	-0.000345707	
0.0107372	0	0	0.00131249	0	0	0.000345707	
-0.0109921	0	0	-0.00152542	0	0	0.000345707	
0.0109921	0	0	0.00152542	0	0	-0.000345707	
-0.0109956	0	0	-0.00152541	0	0	0	
0.0109956	0	0	0.00152541	0	0	0	
-0.00996934	0	0	-0.00205251	0	0	-0.000345707	
0.00996934	0	0	0.00205251	0	0	0.000345707	
-0.010992	0	0	-0.00181166	0	0	0	
0.010992	0	0	0.00181166	0	0	0	
-0.00997279	0	0	-0.00202458	0	0	0.000345707	
0.00997279	0	0	0.00202458	0	0	-0.000345707	
-0.0104825	0	0	-0.00228987	0	0	0	
0.0104825	0	0	0.00228987	0	0	0	
-0.0112469	0	0	-0.00181166	0	0	0	
0.0112469	0	0	0.00181166	0	0	0	
-0.00997279	0	0	-0.00228987	0	0	0	
0.00997279	0	0	0.00228987	0	0	0	
-0.00996934	0	0	-0.00204901	0	0	0	
0.00996934	0	0	0.00204901	0	0	0	
-0.0102276	0	0	-0.00178722	0	0	0	
0.0102276	0	0	0.00178722	0	0	0	
-0.00971453	0	0	-0.0023143	0	0	0	
0.00971453	0	0	0.0023143	0	0	0	
-0.0104824	0	0	-0.00178722	0	0	0	
0.0104824	0	0	0.00178722	0	0	0	
-0.00997279	0	0	-0.00178722	0	0	-0.000345707	
0.00997279	0	0	0.00178722	0	0	0.000345707	
-0.00971453	0	0	-0.00176627	0	0	0.000345707	
0.00971453	0	0	0.00176627	0	0	-0.000345707	
-0.0102242	0	0	-0.00181165	0	0	0	
0.0102242	0	0	0.00181165	0	0	0	
-0.00997279	0	0	-0.00152542	0	0	-0.000345707	
0.00997279	0	0	0.00152542	0	0	0.000345707	
-0.0109921	0	0	-0.00152542	0	0	0	
0.0109921	0	0	0.00152542	0	0	0	
-0.00997279	0	0	-0.00131249	0	0	0	
0.00997279	0	0	0.00131249	0	0	0	
-0.00996934	0	0	-0.00123919	0	0	0	
0.00996934	0	0	0.00123919	0	0	0	
-0.0104824	0	0	-0.00181165	0	0	0	
0.0104824	0	0	0.00181165	0	0	0	
-0.00971453	0	0	-0.00152542	0	0	0	
0.00971453	0	0	0.00152542	0	0	0	
-0.00997279	0	0	-0.00205251	0	0	0	
0.00997279	0	0	0.00205251	0	0	0	
-0.00920482	0	0	-0.00202458	0	0	0	
0.00920482	0	0	0.00202458	0	0	0	
-0.00894656	0	0	-0.00205251	0	0	0	
0.00894656	0	0	0.00205251	0	0	0	
-0.00945972	0	0	-0.00233525	0	0	0.000345707	
0.00945972	0	0	0.00233525	0	0	-0.000345707	
-0.00843694	0	0	-0.00252724	0	0	-0.000345707	
0.00843694	0	0	0.00252724	0	0	0.000345707	
-0.00945963	0	0	-0.00255167	0	0	0.000345707	
0.00945963	0	0	0.00255167	0	0	-0.000345707	
-0.00818213	0	0	-0.00281347	0	0	0	
0.00818213	0	0	0.00281347	0	0	0	
-0.00894656	0	0	-0.00283791	0	0	0	
0.00894656	0	0	0.00283791	0	0	0	
-0.00843694	0	0	-0.00281347	0	0	0	
0.00843694	0	0	0.00281347	0	0	0	
-0.00869175	0	0	-0.0027646	0	0	0	
0.00869175	0	0	0.0027646	0	0	0	
-0.00818204	0	0	-0.00233525	0	0	0	
0.00818204	0	0	0.00233525	0	0	0	
-0.00843694	0	0	-0.00178722	0	0	0	
0.00843694	0	0	0.00178722	0	0	0	
-0.00895001	0	0	-0.00181514	0	0	0	
0.00895001	0	0	0.00181514	0	0	0	
-0.00843694	0	0	-0.00123918	0	0	0	
0.00843694	0	0	0.00123918	0	0	0	
-0.00894656	0	0	-0.00128805	0	0	0	
0.00894656	0	0	0.00128805	0	0	0	
-0.00843694	0	0	-0.00102276	0	0	0	
0.00843694	0	0	0.00102276	0	0	0	
-0.00895001	0	0	-0.000764454	0	0	0	
0.00895001	0	0	0.000764454	0	0	0	
-0.0081786	0	0	-0.000760963	0	0	0	
0.0081786	0	0	0.000760963	0	0	0	
-0.0089501	0	0	-0.000764454	0	0	0	
0.0089501	0	0	0.000764454	0	0	0	
-0.00792379	0	0	-0.000523599	0	0	0	
0.00792379	0	0	0.000523599	0	0	0	
-0.00895001	0	0	-0.000764454	0	0	0	
0.00895001	0	0	0.000764454	0	0	0	
-0.00766898	0	0	-0.000760964	0	0	0	
0.00766898	0	0	0.000760964	0	0	0	
-0.00894656	0	0	-0.000764454	0	0	0	
0.00894656	0	0	0.000764454	0	0	0	
-0.00792732	0	0	-0.000760963	0	0	0	
0.00792732	0	0	0.000760963	0	0	0	
-0.00843694	0	0	-0.00105069	0	0	0	
0.00843694	0	0	0.00105069	0	0	0	
-0.00766898	0	0	-0.00047822	0	0	0	
0.00766898	0	0	0.00047822	0	0	0	
-0.00792723	0	0	-0.000785398	0	0	0	
0.00792723	0	0	0.000785398	0	0	0	
-0.00741417	0	0	-0.00102276	0	0	0	
0.00741417	0	0	0.00102276	0	0	0	
-0.0081786	0	0	-0.00102276	0	0	0	
0.0081786	0	0	0.00102276	0	0	0	
-0.0074177	0	0	-0.000764454	0	0	0	
0.0074177	0	0	0.000764454	0	0	0	
-0.0081786	0	0	-0.00100182	0	0	0	
0.0081786	0	0	0.00100182	0	0	0	
-0.00767242	0	0	-0.000760963	0	0	0	
0.00767242	0	0	0.000760963	0	0	0	
-0.00792379	0	0	-0.00105069	0	0	0	
0.00792379	0	0	0.00105069	0	0	0	
-0.00741417	0	0	-0.00102625	0	0	0	
0.00741417	0	0	0.00102625	0	0	0	
-0.00818213	0	0	-0.00102276	0	0	0	
0.00818213	0	0	0.00102276	0	0	0	
-0.00766898	0	0	-0.000764454	0	0	0	
0.00766898	0	0	0.000764454	0	0	0	
-0.00766898	0	0	-0.000760963	0	0	0	
0.00766898	0	0	0.000760963	0	0	0	
-0.00741417	0	0	-0.000764454	0	0	0	
0.00741417	0	0	0.000764454	0	0	0	
-0.00690455	0	0	-0.00102625	0	0	0	
0.00690455	0	0	0.00102625	0	0	0	
-0.00741417	0	0	-0.0010472	0	0	0	
0.00741417	0	0	0.0010472	0	0	0	
-0.00639139	0	0	-0.00123918	0	0	0	
0.00639139	0	0	0.00123918	0	0	0	
-0.00741417	0	0	-0.00128805	0	0	0	
0.00741417	0	0	0.00128805	0	0	0	
-0.0066462	0	0	-0.00152542	0	0	0	
0.0066462	0	0	0.00152542	0	0	0	
-0.00690455	0	0	-0.00154985	0	0	0	
0.00690455	0	0	0.00154985	0	0	0	
-0.0066462	0	0	-0.00152891	0	0	0	
0.0066462	0	0	0.00152891	0	0	0	
-0.00664964	0	0	-0.00152542	0	0	0	
0.00664964	0	0	0.00152542	0	0	0	
-0.00741072	0	0	-0.00152542	0	0	0	
0.00741072	0	0	0.00152542	0	0	0	
-0.00639483	0	0	-0.0010472	0	0	0	
0.00639483	0	0	0.0010472	0	0	0	
-0.00741072	0	0	-0.000764454	0	0	0	
0.00741072	0	0	0.000764454	0	0	0	
-0.00613658	0	0	-0.000760965	0	0	0	
0.00613658	0	0	0.000760965	0	0	0	
-0.00664969	0	0	-0.000788888	0	0	0	
0.00664969	0	0	0.000788888	0	0	0	
-0.00690105	0	0	-0.000499163	0	0	0	
0.00690105	0	0	0.000499163	0	0	0	
-0.00639139	0	0	-0.000764456	0	0	-0.000345707	
0.00639139	0	0	0.000764456	0	0	0.000345707	
-0.00715936	0	0	-0.000499163	0	0	0.000345707	
0.00715936	0	0	0.000499163	0	0	-0.000345707	
-0.00715931	0	0	-0.000527091	0	0	0	
0.00715931	0	0	0.000527091	0	0	0	
-0.00639139	0	0	-0.000499163	0	0	0	
0.00639139	0	0	0.000499163	0	0	0	
-0.00690105	0	0	-0.000548034	0	0	0	
0.00690105	0	0	0.000548034	0	0	0	
-0.00562696	0	0	-0.00047822	0	0	0	
0.00562696	0	0	0.00047822	0	0	0	
-0.00613658	0	0	-0.000760963	0	0	0	
0.00613658	0	0	0.000760963	0	0	0	
-0.00536861	0	0	-0.000764456	0	0	0	
0.00536861	0	0	0.000764456	0	0	0	
-0.00562347	0	0	-0.0010472	0	0	0	
0.00562347	0	0	0.0010472	0	0	0	
-0.00588177	0	0	-0.00100182	0	0	0	
0.00588177	0	0	0.00100182	0	0	0	
-0.0048555	0	0	-0.00102625	0	0	0	
0.0048555	0	0	0.00102625	0	0	0	
-0.00562342	0	0	-0.0010472	0	0	0	
0.00562342	0	0	0.0010472	0	0	0	
-0.00511385	0	0	-0.00100182	0	0	0	
0.00511385	0	0	0.00100182	0	0	0	
-0.00485899	0	0	-0.000764456	0	0	0	
0.00485899	0	0	0.000764456	0	0	0	
-0.0051138	0	0	-0.000523598	0	0	0	
0.0051138	0	0	0.000523598	0	0	0	
-0.0048555	0	0	-0.000764453	0	0	0	
0.0048555	0	0	0.000764453	0	0	0	
-0.00485904	0	0	-0.000523601	0	0	0	
0.00485904	0	0	0.000523601	0	0	0	
-0.00460069	0	0	-0.00047822	0	0	0	
0.00460069	0	0	0.00047822	0	0	0	
-0.00460418	0	0	-0.000760963	0	0	0	
0.00460418	0	0	0.000760963	0	0	0	
-0.00460069	0	0	-0.000286233	0	0	0	
0.00460069	0	0	0.000286233	0	0	0	
-0.00409102	0	0	-0.000502655	0	0	0	
0.00409102	0	0	0.000502655	0	0	0	
-0.00383276	0	0	-0.000261801	0	0	0	
0.00383276	0	0	0.000261801	0	0	0	
-0.00409107	0	0	-0.000261798	0	0	0	
0.00409107	0	0	0.000261798	0	0	0	
-0.00409102	0	0	-0.000237365	0	0	0	
0.00409102	0	0	0.000237365	0	0	0	
-0.00409107	0	0	-0.000261801	0	0	0	
0.00409107	0	0	0.000261801	0	0	0	
-0.00409107	0	0	-0.000261798	0	0	0	
0.00409107	0	0	0.000261798	0	0	0	
-0.00460069	0	0	-0.000240857	0	0	0	
0.00460069	0	0	0.000240857	0	0	0	
-0.00409102	0	0	0	0	0	0	
0.00409102	0	0	0	0	0	0	
-0.00409107	0	0	-0.000261798	0	0	0	
0.00409107	0	0	0.000261798	0	0	0	
-0.00434588	0	0	0	0	0	0	
0.00434588	0	0	0	0	0	0	
-0.00383621	0	0	0	0	0	0	
0.00383621	0	0	0	0	0	0	
-0.00409107	0	0	-0.000261801	0	0	0	
0.00409107	0	0	0.000261801	0	0	0	
-0.00409107	0	0	0	0	0	0	
0.00409107	0	0	0	0	0	0	
-0.00434583	0	0	-0.000237365	0	0	0	
0.00434583	0	0	0.000237365	0	0	0	
-0.00409107	0	0	0	0	0	0	
0.00409107	0	0	0	0	0	0	
-0.00434588	0	0	0	0	0	0	
0.00434588	0	0	0	0	0	0	
-0.00460069	0	0	-0.000286233	0	0	0	
0.00460069	0	0	0.000286233	0	0	0	
-0.00409107	0	0	0	0	0	-0.000345707	
0.00409107	0	0	0	0	0	0.000345707	
-0.00485899	0	0	0	0	0	0.000345707	
0.00485899	0	0	0	0	0	-0.000345707	
-0.00434588	0	0	-0.000237365	0	0	0	
0.00434588	0	0	0.000237365	0	0	0	
-0.00460069	0	0	0	0	0	0	
0.00460069	0	0	0	0	0	0	
-0.00485899	0	0	-0.000240855	0	0	0	
0.00485899	0	0	0.000240855	0	0	0	
-0.0048555	0	0	0	0	0	0	
0.0048555	0	0	0	0	0	0	
-0.00485899	0	0	0	0	0	0	
0.00485899	0	0	0	0	0	0	
-0.0048555	0	0	-0.000286233	0	0	0	
0.0048555	0	0	0.000286233	0	0	0	
-0.00485899	0	0	0	0	0	0	
0.00485899	0	0	0	0	0	0	
-0.00485904	0	0	-0.000237365	0	0	0	
0.00485904	0	0	0.000237365	0	0	0	
-0.00460069	0	0	0	0	0	0	
0.00460069	0	0	0	0	0	0	
-0.00460069	0	0	-0.000237365	0	0	0	
0.00460069	0	0	0.000237365	0	0	0	
-0.00460418	0	0	-0.000286233	0	0	0	
0.00460418	0	0	0.000286233	0	0	0	
-0.00460069	0	0	0	0	0	0	
0.00460069	0	0	0	0	0	0	
-0.00460069	0	-0.000238419	-0.000240857	0	0	0	
0.00460069	0	0.000238419	0.000240857	0	0	0	
-0.00460418	0	0	-0.000237365	0	0	0	
0.00460418	0	0	0.000237365	0	0	0	
-0.00460069	0	0	-0.000286233	0	0	0	
0.00460069	0	0	0.000286233	0	0	0	
-0.00434588	0	0	-0.000261798	0	0	0	
0.00434588	0	0	0.000261798	0	0	0	
-0.00434932	0	0	0	0	0	0	
0.00434932	0	0	0	0	0	0	
-0.00460069	0	0	-0.000212932	0	0	0	
0.00460069	0	0	0.000212932	0	0	0	
-0.00434588	0	0	-0.000286233	0	0	0	
0.00434588	0	0	0.000286233	0	0	0	
-0.00409107	0	0	0	0	0	0	
0.00409107	0	0	0	0	0	0	
-0.00409107	0	0	-0.00026529	0	0	0	
0.00409107	0	0	0.00026529	0	0	0	
-0.00408753	0	0	-0.000261801	0	0	0	
0.00408753	0	0	0.000261801	0	0	0	
-0.00358145	0	0	0	0	0	0	
0.00358145	0	0	0	0	0	0	
-0.00409102	0	0	-0.000237362	0	0	0	
0.00409102	0	0	0.000237362	0	0	0	
-0.00383276	0	0	-0.000261801	0	0	0	
0.00383276	0	0	0.000261801	0	0	0	
-0.00409102	0	0	0	0	0	-0.000345707	
0.00409102	0	0	0	0	0	0.000345707	
-0.00409107	0	0	-0.000261801	0	0	0.000345707	
0.00409107	0	0	0.000261801	0	0	-0.000345707	
-0.0033231	0	0	-0.000240855	0	0	0	
0.0033231	0	0	0.000240855	0	0	0	
-0.00358145	0	0	0	0	0	0	
0.00358145	0	0	0	0	0	0	
-0.00383272	0	0	-0.000261801	0	0	0	
0.00383272	0	0	0.000261801	0	0	0	
-0.0033231	0	0	0	0	0	0	
0.0033231	0	0	0	0	0	0	
-0.00332659	0	0	-0.000261798	0	0	0	
0.00332659	0	0	0.000261798	0	0	0	
-0.00332315	0	0	-0.000261801	0	0	0	
0.00332315	0	0	0.000261801	0	0	0	
-0.0033231	0	0	0	0	0	0	
0.0033231	0	0	0	0	0	0	
-0.0033231	0	0	-0.000237365	0	0	0	
0.0033231	0	0	0.000237365	0	0	0	
-0.0033231	0	0	0	0	0	0	
0.0033231	0	0	0	0	0	0	
-0.0035814	0	0	-0.000261801	0	0	0	
0.0035814	0	0	0.000261801	0	0	0	
-0.00332315	0	0	0	0	0	0	
0.00332315	0	0	0	0	0	0	
-0.0033231	0	0	-0.000265287	0	0	0	
0.0033231	0	0	0.000265287	0	0	0	
-0.0033231	0	0	0	0	0	0	
0.0033231	0	0	0	0	0	0	
-0.0033231	0	0	0	0	0	0	
0.0033231	0	0	0	0	0	0	
-0.0033231	0	0	0	0	0	0	
0.0033231	0	0	0	0	0	0	
-0.00332315	0	0	-0.000237365	0	0	0	
0.00332315	0	0	0.000237365	0	0	0	
-0.00306829	0	0	0	0	0	0	
0.00306829	0	0	0	0	0	0	
-0.0033231	0	0	0	0	0	0	
0.0033231	0	0	0	0	0	0	
-0.00332659	0	0	-0.000261801	0	0	0	
0.00332659	0	0	0.000261801	0	0	0	
-0.0033231	0	0	0	0	0	0	
0.0033231	0	0	0	0	0	0	
-0.00306829	0	0	0	0	0	0	
0.00306829	0	0	0	0	0	0	
-0.0033231	0	0	-0.000261801	0	0	0	
0.0033231	0	0	0.000261801	0	0	0	
-0.00332312	0	0	0	0	0	0	
0.00332312	0	0	0	0	0	0	
-0.00306829	0	0	0	0	0	0	
0.00306829	0	0	0	0	0	0	
-0.0033231	0	0	-0.000237365	0	0	0	
0.0033231	0	0	0.000237365	0	0	0	
-0.00332312	0	0	0	0	0	0	
0.00332312	0	0	0	0	0	0	
-0.00383621	0	0	0	0	0	0	
0.00383621	0	0	0	0	0	0	
-0.00383276	0	0	-0.000265287	0	0	0	
0.00383276	0	0	0.000265287	0	0	0	
-0.00409104	0	0	0	0	0	0	
0.00409104	0	0	0	0	0	0	
-0.00409104	0	0	0	0	0	0	
0.00409104	0	0	0	0	0	0	
-0.00383623	0	0	0	0	0	0	
0.00383623	0	0	0	0	0	0	
-0.00306829	0	0	0	0	0	0	
0.00306829	0	0	0	0	0	0	
-0.00306829	0	0	-0.000261801	0	0	0	
0.00306829	0	0	0.000261801	0	0	0	
-0.00332312	0	0	0	0	0	0	
0.00332312	0	0	0	0	0	0	
-0.00306829	0	0	-0.00028623	0	0	0	
0.00306829	0	0	0.00028623	0	0	0	
-0.0033231	0	0	0	0	0	0	
0.0033231	0	0	0	0	0	0	
-0.0033231	0	0	0	0	0	0	
0.0033231	0	0	0	0	0	0	
-0.00306829	0	0	-0.000212935	0	0	0	
0.00306829	0	0	0.000212935	0	0	0	
-0.00306829	0	0	0	0	0	0	
0.00306829	0	0	0	0	0	0	
-0.00306829	0	0	-0.000261795	0	0	-0.000345707	
0.00306829	0	0	0.000261795	0	0	0.000345707	
-0.00306829	0	0	0	0	0	0.000345707	
0.00306829	0	0	0	0	0	-0.000345707	
-0.00280999	0	0	0	0	0	0	
0.00280999	0	0	0	0	0	0	
-0.00332659	0	0	0	0	0	0	
0.00332659	0	0	0	0	0	0	
-0.00280999	0	0	-0.000286236	0	0	0	
0.00280999	0	0	0.000286236	0	0	0	
-0.00281348	0	0	0	0	0	0	
0.00281348	0	0	0	0	0	0	
-0.00255515	0	0	0	0	0	0	
0.00255515	0	0	0	0	0	0	
-0.00230034	0	0	0	0	0	0	
0.00230034	0	0	0	0	0	0	
-0.00204553	0	0	0	0	0	0	
0.00204553	0	0	0	0	0	0	
-0.00230034	0	0	0	0	0	0	
0.00230034	0	0	0	0	0	0	
-0.00255865	0	0	0	0	0	0	
0.00255865	0	0	0	0	0	0	
-0.00230034	0	0	0	0	0	0	
0.00230034	0	0	0	0	0	0	
-0.00204553	0	0	-0.000237365	0	0	0	
0.00204553	0	0	0.000237365	0	0	0	
-0.00230034	0	0	0	0	0	0	
0.00230034	0	0	0	0	0	0	
-0.0017907	0	0	0	0	0	0	
0.0017907	0	0	0	0	0	0	
-0.0017907	0	0	0	0	0	0	
0.0017907	0	0	0	0	0	0	
-0.00178723	0	0	0	0	0	0	
0.00178723	0	0	0	0	0	0	
-0.0017907	0	0	0	0	0	0	
0.0017907	0	0	0	0	0	0	
-0.0015324	0	0	0	0	0	0	
0.0015324	0	0	0	0	0	0	
-0.0017907	0	0	0	0	0	0	
0.0017907	0	0	0	0	0	0	
-0.00127759	0	0	0	0	0	0	
0.00127759	0	0	0	0	0	0	
-0.00153589	0	0	0	0	0	0	
0.00153589	0	0	0	0	0	0	
-0.0015324	0	0	0	0	0	0	
0.0015324	0	0	0	0	0	0	
-0.00127759	0	0	0	0	0	0	
0.00127759	0	0	0	0	0	0	
-0.00128106	0	0	0	0	0	0	
0.00128106	0	0	0	0	0	0	
-0.00127759	0	0	0	0	0	0	
0.00127759	0	0	0	0	0	0	
-0.00102276	0	0	0	0	0	-0.000345707	
0.00102276	0	0	0	0	0	0.000345707	
-0.00102278	0	0	0	0	0	0.000345707	
0.00102278	0	0	0	0	0	-0.000345707	
-0.00127757	0	0	0	0	0	0	
0.00127757	0	0	0	0	0	0	
-0.00127759	0	0	0	0	0	-0.000345707	
0.00127759	0	0	0	0	0	0.000345707	
-0.00153589	0	0	0	0	0	0	
0.00153589	0	0	0	0	0	0	
-0.0015324	0	0	0	0	0	0.000345707	
0.0015324	0	0	0	0	0	-0.000345707	
-0.00153589	0	0	0	0	0	0	
0.00153589	0	0	0	0	0	0	
-0.00178723	0	0	0	0	0	-0.000345707	
0.00178723	0	0	0	0	0	0.000345707	
-0.00128106	0	0	0	0	0	0.000345707	
0.00128106	0	0	0	0	0	-0.000345707	
-0.00178723	0	0	0	0	0	0	
0.00178723	0	0	0	0	0	0	
-0.00127757	0	0	0	0	0	0	
0.00127757	0	0	0	0	0	0	
-0.00179072	0	0	0	0	0	0	
0.00179072	0	0	0	0	0	0	
-0.00127757	0	0	0	0	0	0	
0.00127757	0	0	0	0	0	0	
-0.00153589	0	0	0	0	0	0	
0.00153589	0	0	0	0	0	0	
-0.0015324	0	0	0	0	0	0	
0.0015324	0	0	0	0	0	0	
-0.00179072	0	0	0	0	0	0	
0.00179072	0	0	0	0	0	0	
-0.0017907	0	0	0	0	0	0	
0.0017907	0	0	0	0	0	0	
-0.0015324	0	0	0	0	0	0	
0.0015324	0	0	0	0	0	0	
-0.0017907	0	0	0	0	0	0	
0.0017907	0	0	0	0	0	0	
-0.00204553	0	0	0	0	0	0	
0.00204553	0	0	0	0	0	0	
-0.0015324	0	0	0	0	0	0	
0.0015324	0	0	0	0	0	0	
-0.00204553	0	0	0	0	0	0	
0.00204553	0	0	0	0	0	0	
-0.0017907	0	0	0	0	0	0	
0.0017907	0	0	0	0	0	0	
-0.00204553	0	0	0	0	0	-0.000345707	
0.00204553	0	0	0	0	0	0.000345707	
-0.00204551	0	0	0	0	0	0.000345707	
0.00204551	0	0	0	0	0	-0.000345707	
-0.00204553	0	0	0.000237365	0	0	0	
0.00204553	0	0	-0.000237365	0	0	0	
-0.00178721	0	0	0	0	0	-0.000345707	
0.00178721	0	0	0	0	0	0.000345707	
-0.00204553	0	0	0	0	0	0.000345707	
0.00204553	0	0	0	0	0	-0.000345707	
-0.00204553	0	0	0	0	0	0	
0.00204553	0	0	0	0	0	0	
-0.00204551	0	0	0	0	0	0	
0.00204551	0	0	0	0	0	0	
-0.00204553	0	0	0	0	0	0	
0.00204553	0	0	0	0	0	0	
-0.00204553	0	0	0	0	0	0	
0.00204553	0	0	0	0	0	0	
-0.00204551	0	0	0	0	0	0	
0.00204551	0	0	0	0	0	0	
-0.00204553	0	0	0	0	0	0	
0.00204553	0	0	0	0	0	0	
-0.0017907	0	0	0	0	0	0	
0.0017907	0	0	0	0	0	0	
-0.00204204	0	0	0	0	0	0	
0.00204204	0	0	0	0	0	0	
-0.00204553	0	0	0.000286236	0	0	0	
0.00204553	0	0	-0.000286236	0	0	0	
-0.0017907	0	0	0	0	0	0	
0.0017907	0	0	0	0	0	0	
-0.0017907	0	0	0	0	0	0	
0.0017907	0	0	0	0	0	0	
-0.00179072	0	0	0	0	0	0	
0.00179072	0	0	0	0	0	0	
-0.00204551	0	0	0	0	0	0	
0.00204551	0	0	0	0	0	0	
-0.00178722	0	0	0.000261795	0	0	-0.000345707	
0.00178722	0	0	-0.000261795	0	0	0.000345707	
-0.00204553	0	0	0	0	0	0	
0.00204553	0	0	0	0	0	0	
-0.00204552	0	0	0	0	0	0.000345707	
0.00204552	0	0	0	0	0	-0.000345707	
-0.00179071	0	0	0	0	0	0	
0.00179071	0	0	0	0	0	0	
-0.0017907	0	0	0.000212935	0	0	0	
0.0017907	0	0	-0.000212935	0	0	0	
-0.00204204	0	0	0	0	0	0	
0.00204204	0	0	0	0	0	0	
-0.00204552	0	0	0.00028623	0	0	0	
0.00204552	0	0	-0.00028623	0	0	0	
-0.00153589	0	0	0	0	0	0	
0.00153589	0	0	0	0	0	0	
-0.00179071	0	0	0.000261801	0	0	0	
0.00179071	0	0	-0.000261801	0	0	0	
-0.00204203	0	0	0.000265287	0	0	-0.000345707	
0.00204203	0	0	-0.000265287	0	0	0.000345707	
-0.00153589	0	0	0.000237365	0	0	0.000345707	
0.00153589	0	0	-0.000237365	0	0	-0.000345707	
-0.00179071	0	0	0.000523601	0	0	0	
0.00179071	0	0	-0.000523601	0	0	0	
-0.00178721	0	0	0.000237365	0	0	0	
0.00178721	0	0	-0.000237365	0	0	0	
-0.00179071	0	0	0.000527088	0	0	0	
0.00179071	0	0	-0.000527088	0	0	0	
-0.00204552	0	0	0.000499166	0	0	0	
0.00204552	0	0	-0.000499166	0	0	0	
-0.00179071	0	0	0.000523598	0	0	-0.000345707	
0.00179071	0	0	-0.000523598	0	0	0.000345707	
-0.00204552	0	0	0.000764456	0	0	0.000345707	
0.00204552	0	0	-0.000764456	0	0	-0.000345707	
-0.00204553	0	0	0.000764453	0	0	0	
0.00204553	0	0	-0.000764453	0	0	0	
-0.00178722	0	0	0.000760963	0	0	0	
0.00178722	0	0	-0.000760963	0	0	0	
-0.0017907	0	0	0.000764456	0	0	0	
0.0017907	0	0	-0.000764456	0	0	0	
-0.0015324	0	0	0.000523598	0	0	0	
0.0015324	0	0	-0.000523598	0	0	0	
-0.00153589	0	0	0.000764453	0	0	0	
0.00153589	0	0	-0.000764453	0	0	0	
-0.00127759	0	0	0.000523598	0	0	0	
0.00127759	0	0	-0.000523598	0	0	0	
-0.0015324	0	0	0.000237365	0	0	0	
0.0015324	0	0	-0.000237365	0	0	0	
-0.00128107	0	0	0.000523598	0	0	0	
0.00128107	0	0	-0.000523598	0	0	0	
-0.00127758	0	0	0.000502655	0	0	0	
0.00127758	0	0	-0.000502655	0	0	0	
-0.00127759	0	0	0.000499166	0	0	0	
0.00127759	0	0	-0.000499166	0	0	0	
-0.00127758	0	0	0.000261798	0	0	0	
0.00127758	0	0	-0.000261798	0	0	0	
-0.00127758	0	0	0.000502655	0	0	0	
0.00127758	0	0	-0.000502655	0	0	0	
-0.00128108	0	0	0.000548034	0	0	0	
0.00128108	0	0	-0.000548034	0	0	0	
-0.00102276	0	0	0.000212929	0	0	0	
0.00102276	0	0	-0.000212929	0	0	0	
-0.00102277	0	0	0.000548034	0	0	0	
0.00102277	0	0	-0.000548034	0	0	0	
-0.000764453	0	0	0.00047822	0	0	-0.000345707	
0.000764453	0	0	-0.00047822	0	0	0.000345707	
-0.00102277	0	0	0.000286236	0	0	0.000345707	
0.00102277	0	0	-0.000286236	0	0	-0.000345707	
-0.000767945	0	0	0.00047822	0	0	0	
0.000767945	0	0	-0.00047822	0	0	0	
-0.00102276	0	0	0.000523598	0	0	0	
0.00102276	0	0	-0.000523598	0	0	0	
-0.000767945	0	0	0.000237365	0	0	0	
0.000767945	0	0	-0.000237365	0	0	0	
-0.000764453	0	0	0.000523598	0	0	0	
0.000764453	0	0	-0.000523598	0	0	0	
-0.000767945	0	0	0.000286233	0	0	0	
0.000767945	0	0	-0.000286233	0	0	0	
-0.000513135	0	0	0.000240857	0	0	0	
0.000513135	0	0	-0.000240857	0	0	0	
-0.000509631	0	0	0.000523598	0	0	0	
0.000509631	0	0	-0.000523598	0	0	0	
-0.000513124	0	0	0	0	0	0	
0.000513124	0	0	0	0	0	0	
-0.000509643	0	0	0.000237365	0	0	0	
0.000509643	0	0	-0.000237365	0	0	0	
-0.000767945	0	0	0.000527088	0	0	0	
0.000767945	0	0	-0.000527088	0	0	0	
-0.000509631	0	0	0	0	0	0	
0.000509631	0	0	0	0	0	0	
-0.000513124	0	0	0.000261801	0	0	0	
0.000513124	0	0	-0.000261801	0	0	0	
-0.000764453	0	0	0.000212929	0	0	0	
0.000764453	0	0	-0.000212929	0	0	0	
-0.000767945	0	0	0.000286233	0	0	0	
0.000767945	0	0	-0.000286233	0	0	0	
-0.000767945	0	0	0.000261801	0	0	0	
0.000767945	0	0	-0.000261801	0	0	0	
-0.000767945	0	0	0.000240855	0	0	0	
0.000767945	0	0	-0.000240855	0	0	0	
-0.000764453	0	0	0.000261801	0	0	0	
0.000764453	0	0	-0.000261801	0	0	0	
-0.000513135	0	0	0.000261798	0	0	-0.000345707	
0.000513135	0	0	-0.000261798	0	0	0.000345707	
-0.000767945	0	0	0	0	0	0.000345707	
0.000767945	0	0	0	0	0	-0.000345707	
-0.000764453	0	0	0.000237365	0	0	-0.000345707	
0.000764453	0	0	-0.000237365	0	0	0.000345707	
-0.000767945	0	0	0.000261801	0	0	0.000345707	
0.000767945	0	0	-0.000261801	0	0	-0.000345707	
-0.000767945	0	0	0.000261801	0	0	0	
0.000767945	0	0	-0.000261801	0	0	0	
-0.000767945	0	0	0	0	0	0	
0.000767945	0	0	0	0	0	0	
-0.000764453	0	0	0.000240855	0	0	0	
0.000764453	0	0	-0.000240855	0	0	0	
-0.00102276	0	0	0.000261798	0	0	0	
0.00102276	0	0	-0.000261798	0	0	0	
-0.000767945	0	0	0	0	0	0	
0.000767945	0	0	0	0	0	0	
-0.00102277	0	0	0.000261801	0	0	0	
0.00102277	0	0	-0.000261801	0	0	0	
-0.00102277	0	0	0.000237365	0	0	0	
0.00102277	0	0	-0.000237365	0	0	0	
-0.00102276	0	0	0	0	0	0	
0.00102276	0	0	0	0	0	0	
-0.00102277	0	0	0.000286233	0	0	0	
0.00102277	0	0	-0.000286233	0	0	0	
-0.00102277	0	0	0	0	0	0	
0.00102277	0	0	0	0	0	0	
-0.00127758	0	0	0.000240857	0	0	0	
0.00127758	0	0	-0.000240857	0	0	0	
-0.00127758	0	0	0.000237362	0	0	-0.000345707	
0.00127758	0	0	-0.000237362	0	0	0.000345707	
-0.00102277	0	0	0	0	0	0.000345707	
0.00102277	0	0	0	0	0	-0.000345707	
-0.00127759	0	0	0.000286236	0	0	-0.000345707	
0.00127759	0	0	-0.000286236	0	0	0.000345707	
-0.00102276	0	0	0	0	0	0.000345707	
0.00102276	0	0	0	0	0	-0.000345707	
-0.00153589	0	0	0.000237365	0	0	-0.000345707	
0.00153589	0	0	-0.000237365	0	0	0.000345707	
-0.00102277	0	0	0	0	0	0.000345707	
0.00102277	0	0	0	0	0	-0.000345707	
-0.00127758	0	0	0.000237365	0	0	0	
0.00127758	0	0	-0.000237365	0	0	0	
-0.00102277	0	0	0	0	0	-0.000345707	
0.00102277	0	0	0	0	0	0.000345707	
-0.00153589	0	0	0.000286233	0	0	0.000345707	
0.00153589	0	0	-0.000286233	0	0	-0.000345707	
-0.0015324	0	0	0	0	0	0	
0.0015324	0	0	0	0	0	0	
-0.0015324	0	0	0.000240855	0	0	-0.000345707	
0.0015324	0	0	-0.000240855	0	0	0.000345707	
-0.00153589	0	0	0.000237365	0	0	0.000345707	
0.00153589	0	0	-0.000237365	0	0	-0.000345707	
-0.00178722	0	0	0	0	0	0	
0.00178722	0	0	0	0	0	0	
-0.00153589	0	0	0.000286233	0	0	0	
0.00153589	0	0	-0.000286233	0	0	0	
-0.00127758	0	0	0	0	0	0	
0.00127758	0	0	0	0	0	0	
-0.00127758	0	0	0.000261801	0	0	0	
0.00127758	0	0	-0.000261801	0	0	0	
-0.00128107	0	0	0	0	0	0	
0.00128107	0	0	0	0	0	0	
-0.00102276	0	0	0.000216419	0	0	0	
0.00102276	0	0	-0.000216419	0	0	0	
-0.00102277	0	0	0	0	0	0	
0.00102277	0	0	0	0	0	0	
-0.00127758	0	0	0	0	0	0	
0.00127758	0	0	0	0	0	0	
-0.00127758	0	0	0.000282744	0	0	0	
0.00127758	0	0	-0.000282744	0	0	0	
-0.00102277	0	0	0	0	0	0	
0.00102277	0	0	0	0	0	0	
-0.00102276	0	0	0	0	0	0	
0.00102276	0	0	0	0	0	0	
-0.000767945	0	0	0.00026529	0	0	0	
0.000767945	0	0	-0.00026529	0	0	0	
-0.00101927	0	0	0	0	0	0	
0.00101927	0	0	0	0	0	0	
-0.000767945	0	0	0	0	0	0	
0.000767945	0	0	0	0	0	0	
-0.000767945	0	0	0.000261801	0	0	0	
0.000767945	0	0	-0.000261801	0	0	0	
-0.000767945	0	0	0	0	0	0	
0.000767945	0	0	0	0	0	0	
-0.000509637	0	0	0	0	0	0	
0.000509637	0	0	0	0	0	0	
-0.00051313	0	0	0.000237365	0	0	0	
0.00051313	0	0	-0.000237365	0	0	0	
-0.000509631	0	0	0	0	0	0	
0.000509631	0	0	0	0	0	0	
-0.00051313	0	0	0.000261798	0	0	0	
0.00051313	0	0	-0.000261798	0	0	0	
-0.000254816	0	0	0	0	0	0	
0.000254816	0	0	0	0	0	0	
-0.000254821	0	0	0	0	0	0	
0.000254821	0	0	0	0	0	0	
-0.000513124	0	0	0.000261801	0	0	0	
0.000513124	0	0	-0.000261801	0	0	0	
-0.000254821	0	0	0	0	0	0	
0.000254821	0	0	0	0	0	0	
-0.000254816	0	0	0	0	0	0	
0.000254816	0	0	0	0	0	0	
-0.000254816	0	0	0.000240855	0	0	0	
0.000254816	0	0	-0.000240855	0	0	0	
-0.000258314	0	0	0	0	0	0	
0.000258314	0	0	0	0	0	0	
-0.000254816	0	0	0.000261801	0	0	0	
0.000254816	0	0	-0.000261801	0	0	0	
0	0	0	0	0	0	0	
0	0	0	0	0	0	0	
-0.000254816	0	0	0.000261798	0	0	0	
0.000254816	0	0	-0.000261798	0	0	0	
0	0	0	0	0	0	0	
0	0	0	0	0	0	0	
-0.000254821	0	0	0.000237365	0	0	0	
0.000254821	0	0	-0.000237365	0	0	0	
0	0	0	0	0	0	0	
0	0	0	0	0	0	0	
0	0	0	0	0	0	0	
0	0	0	0	0	0	0	
-0.000258308	0	-0.000309944	0.000261801	0	0	0	
0.000258308	0	0.000309944	-0.000261801	0	0	0	
0	0	0	0	0	0	0	
0	0	0	0	0	0	0	
-0.000254816	0	0	0.000261801	0	0	0	
0.000254816	0	0	-0.000261801	0	0	0	
-0.000254821	0	0	0	0	0	0	
0.000254821	0	0	0	0	0	0	
0	0	0	0.000265287	0	0	0	
0	0	0	-0.000265287	0	0	0	
-0.000513124	0	0	0	0	0	0	
0.000513124	0	0	0	0	0	0	
-0.000254821	0	0	0	0	0	0	
0.000254821	0	0	0	0	0	0	
-0.000254816	0	0	0.000237366	0	0	0	
0.000254816	0	0	-0.000237366	0	0	0	
-0.00051313	0	0	0	0	0	0	
0.00051313	0	0	0	0	0	0	
-0.000254816	0	0	0.000261799	0	0	0	
0.000254816	0	0	-0.000261799	0	0	0	
-0.000254816	0	0	0	0	0	0	
0.000254816	0	0	0	0	0	0	
-0.00051313	0	0	0.000261799	0	0	-0.000345707	
0.00051313	0	0	-0.000261799	0	0	0.000345707	
-0.000509637	0	0	0	0	0	0.000345707	
0.000509637	0	0	0	0	0	-0.000345707	
-0.000509637	0	0	0.000237365	0	0	0	
0.000509637	0	0	-0.000237365	0	0	0	
-0.000258308	0	0	0	0	0	0	
0.000258308	0	0	0	0	0	0	
-0.000767945	0	0	0	0	0	0	
0.000767945	0	0	0	0	0	0	
-0.000509631	0	0	0.00026529	0	0	0	
0.000509631	0	0	-0.00026529	0	0	0	
-0.000767945	0	0	0	0	0	0	
0.000767945	0	0	0	0	0	0	
-0.000254821	0	0	0	0	0	0	
0.000254821	0	0	0	0	0	0	
-0.000767945	0	0	0.000261799	0	0	0	
0.000767945	0	0	-0.000261799	0	0	0	
-0.000764453	0	0	0	0	0	0	
0.000764453	0	0	0	0	0	0	
-0.000767945	0	0	0	0	0	0	
0.000767945	0	0	0	0	0	0	
-0.000767945	0	0	0.000286235	0	0	0	
0.000767945	0	0	-0.000286235	0	0	0	
-0.000767945	0	0	0	0	0	-0.000345707	
0.000767945	0	0	0	0	0	0.000345707	
-0.000764453	0	0	0	0	0	0.000345707	
0.000764453	0	0	0	0	0	-0.000345707	
-0.000767945	0	0	0.000212929	0	0	-0.000345707	
0.000767945	0	0	-0.000212929	0	0	0.000345707	
-0.000767945	0	0	0	0	0	0.000345707	
0.000767945	0	0	0	0	0	-0.000345707	
-0.00102276	0	0	0	0	0	0	
0.00102276	0	0	0	0	0	0	
-0.000767945	0	0	0	0	0	0	
0.000767945	0	0	0	0	0	0	
-0.00101927	0	0	0.000261799	0	0	0	
0.00101927	0	0	-0.000261799	0	0	0	
-0.00102276	0	0	0	0	0	0	
0.00102276	0	0	0	0	0	0	
-0.00102276	0	0	0	0	0	0	
0.00102276	0	0	0	0	0	0	
-0.00102277	0	0	0.000286235	0	0	0	
0.00102277	0	0	-0.000286235	0	0	0	
-0.000767945	0	0	0	0	0	0	
0.000767945	0	0	0	0	0	0	
-0.00102276	0	0	0	0	0	0	
0.00102276	0	0	0	0	0	0	
-0.000767945	0	0	0.000240855	0	0	0	
0.000767945	0	0	-0.000240855	0	0	0	
-0.000764453	0	0	0	0	0	0	
0.000764453	0	0	0	0	0	0	
-0.00102276	0	0	0.000237365	0	0	0	
0.00102276	0	0	-0.000237365	0	0	0	
-0.000767945	0	0	0	0	0	0	
0.000767945	0	0	0	0	0	0	
-0.00127758	0	0	0	0	0	0	
0.00127758	0	0	0	0	0	0	
-0.00051313	0	0	0	0	0	0	
0.00051313	0	0	0	0	0	0	
-0.00102276	0	0	0.000286235	0	0	0	
0.00102276	0	0	-0.000286235	0	0	0	
-0.000767945	0	0	0	0	0	0	
0.000767945	0	0	0	0	0	0	
-0.000509637	0	0	0	0	0	0	
0.000509637	0	0	0	0	0	0	
-0.000767945	0	0	0.000237364	0	0	0	
0.000767945	0	0	-0.000237364	0	0	0	
-0.000509634	0	0	0	0	0	0	
0.000509634	0	0	0	0	0	0	
-0.00102276	0	0	0	0	0	0	
0.00102276	0	0	0	0	0	0	
-0.000254819	0	0	0	0	0	0	
0.000254819	0	0	0	0	0	0	
-0.000767945	0	0	0.000237365	0	0	0	
0.000767945	0	0	-0.000237365	0	0	0	
-0.000513127	0	0	0	0	0	0	
0.000513127	0	0	0	0	0	0	
-0.000509637	0	0	0	0	0	0	
0.000509637	0	0	0	0	0	0	
-0.000513127	0	0	0	0	0	0	
0.000513127	0	0	0	0	0	0	
-0.000254819	0	0	0	0	0	0	
0.000254819	0	0	0	0	0	0	
-0.000509634	0	0	0.000286235	0	0	0	
0.000509634	0	0	-0.000286235	0	0	0	
-0.000258308	0	0	0	0	0	0	
0.000258308	0	0	0	0	0	0	
-0.000254819	0	0	0.000240855	0	0	0	
0.000254819	0	0	-0.000240855	0	0	0	
-0.000254819	0	0	0	0	0	0	
0.000254819	0	0	0	0	0	0	
0	0	0	0	0	0	0	
0	0	0	0	0	0	0	
-0.000254819	0	0	0	0	0	0	
0.000254819	0	0	0	0	0	0	
0	0	0	0.000237365	0	0	0	
0	0	0	-0.000237365	0	0	0	
-0.000254819	0	0	0	0	0	0	
0.000254819	0	0	0	0	0	0	
0	0	0	0	0	0	0	
0	0	0	0	0	0	0	
0	0	0	0.000286235	0	0	0	
0	0	0	-0.000286235	0	0	0	
0	0	0	0	0	0	0	
0	0	0	0	0	0	0	
-0.000258308	0	0	0.000237365	0	0	0	
0.000258308	0	0	-0.000237365	0	0	0	
0	0	0	0.000261799	0	0	0	
0	0	0	-0.000261799	0	0	0	
0	0	0	0.000261799	0	0	0	
0	0	0	-0.000261799	0	0	0	
0	0	0	0.000240856	0	0	0	
0	0	0	-0.000240856	0	0	0	
0	0	0	0.000261799	0	0	0	
0	0	0	-0.000261799	0	0	0	
0	0	0	0.000261799	0	0	0	
0	0	0	-0.000261799	0	0	0	
0	0	0	0.000237365	0	0	0	
0	0	0	-0.000237365	0	0	0	
0	0	0	0.000261799	0	0	0	
0	0	0	-0.000261799	0	0	0	
0	0	0	0.00026529	0	0	0	
0	0	0	-0.00026529	0	0	0	
0	0	0	0.000237365	0	0	0	
0	0	0	-0.000237365	0	0	0	
0	0	0	0.000261799	0	0	0	
0	0	0	-0.000261799	0	0	0	
0	0	0	0.000286233	0	0	0	
0	0	0	-0.000286233	0	0	0	
-0.000254819	0	0	0.000212931	0	0	0	
0.000254819	0	0	-0.000212931	0	0	0	
0	0	0	0	0	0	0	
0	0	0	0	0	0	0	
0	0	0	0.00026529	0	0	0	
0	0	0	-0.00026529	0	0	0	
0	0	0	0.000286233	0	0	-0.000345707	
0	0	0	-0.000286233	0	0	0.000345707	
-0.000254819	0	0	0.000237365	0	0	0.000345707	
0.000254819	0	0	-0.000237365	0	0	-0.000345707	
0	0	0	0.000237365	0	0	0	
0	0	0	-0.000237365	0	0	0	
-0.000258308	0	0	0.000286233	0	0	0	
0.000258308	0	0	-0.000286233	0	0	0	
0	0	0	0.000237365	0	0	0	
0	0	0	-0.000237365	0	0	0	
-0.000254819	0	0	0.000240856	0	0	0	
0.000254819	0	0	-0.000240856	0	0	0	
0	0	0	0.000286233	0	0	0	
0	0	0	-0.000286233	0	0	0	
-0.000254816	0	0	0.000237365	0	0	0	
0.000254816	0	0	-0.000237365	0	0	0	
-0.000254819	0	0	0.000237365	0	0	0	
0.000254819	0	0	-0.000237365	0	0	0	
-0.000254819	0	0	0.000286235	0	0	0	
0.000254819	0	0	-0.000286235	0	0	0	
-0.000258308	0	0	0.000240855	0	0	0	
0.000258308	0	0	-0.000240855	0	0	0	
-0.000254819	0	0	0.000286235	0	0	0	
0.000254819	0	0	-0.000286235	0	0	0	
-0.000254819	0	0	0.000474729	0	0	0	
0.000254819	0	0	-0.000474729	0	0	0	
-0.000254819	0	0	0	0	0	0	
0.000254819	0	0	0	0	0	0	
-0.000513127	0	0	0.000286235	0	0	-0.000345707	
0.000513127	0	0	-0.000286235	0	0	0.000345707	
-0.000254819	0	0	0	0	0	0.000345707	
0.000254819	0	0	0	0	0	-0.000345707	
-0.000254816	0	0	0.000237364	0	0	0	
0.000254816	0	0	-0.000237364	0	0	0	
-0.000513127	0	0	0	0	0	0	
0.000513127	0	0	0	0	0	0	
-0.000254819	0	0	0	0	0	0	
0.000254819	0	0	0	0	0	0	
-0.000513127	0	0	0	0	0	0	
0.000513127	0	0	0	0	0	0	
-0.000509637	0	0	0	0	0	0	
0.000509637	0	0	0	0	0	0	
-0.000513127	0	0	0	0	0	0	
0.000513127	0	0	0	0	0	0	
-0.000509637	0	0	0	0	0	0	
0.000509637	0	0	0	0	0	0	
-0.000513127	0	0	0	0	0	0	
0.000513127	0	0	0	0	0	0	
-0.000509634	0	0	0	0	0	0	
0.000509634	0	0	0	0	0	0	
-0.000513127	0	0	0	0	0	0	
0.000513127	0	0	0	0	0	0	
-0.000509637	0	0	0	0	0	0	
0.000509637	0	0	0	0	0	0	
-0.000513127	0	0	0	0	0	0	
0.000513127	0	0	0	0	0	0	
-0.000509637	0	0	0	0	0	0	
0.000509637	0	0	0	0	0	0	
-0.000767942	0	0	0	0	0	0	
0.000767942	0	0	0	0	0	0	
-0.000509637	0	0	0	0	0	0	
0.000509637	0	0	0	0	0	0	
-0.000767945	0	0	0	0	0	0	
0.000767945	0	0	0	0	0	0	
-0.000513127	0	0	0	0	0	0	
0.000513127	0	0	0	0	0	0	
-0.000764453	0	0	0	0	0	-0.000345707	
0.000764453	0	0	0	0	0	0.000345707	
-0.00051313	0	0	0	0	0	0	
0.00051313	0	0	0	0	0	0	
-0.000764453	0	0	0	0	0	0.000345707	
0.000764453	0	0	0	0	0	-0.000345707	
-0.000513127	0	0	0	0	0	0	
0.000513127	0	0	0	0	0	0	
-0.000509637	0	0	0	0	0	0	
0.000509637	0	0	0	0	0	0	
-0.000513127	0	0	0	0	0	-0.000345707	
0.000513127	0	0	0	0	0	0.000345707	
-0.000767945	0	0	0	0	0	0.000345707	
0.000767945	0	0	0	0	0	-0.000345707	
-0.000509634	0	0	0	0	0	0	
0.000509634	0	0	0	0	0	0	
-0.000254819	0	0	0	0	0	0	
0.000254819	0	0	0	0	0	0	
-0.000513127	0	0	0	0	0	0	
0.000513127	0	0	0	0	0	0	
-0.000254819	0	0	0	0	0	0	
0.000254819	0	0	0	0	0	0	
-0.000254819	0	0	0	0	0	0	
0.000254819	0	0	0	0	0	0	
-0.000513125	0	0	0	0	0	0	
0.000513125	0	0	0	0	0	0	
-0.000254819	0	0	0	0	0	0	
0.000254819	0	0	0	0	0	0	
-0.000254819	0	0	0.000240855	0	0	0	
0.000254819	0	0	-0.000240855	0	0	0	
-0.000254817	0	0	0	0	0	0	
0.000254817	0	0	0	0	0	0	
0	0	0	0	0	0	0	
0	0	0	0	0	0	0	
-0.00025831	0	0	0	0	0	0	
0.00025831	0	0	0	0	0	0	
-0.000254817	0	0	0	0	0	0	
0.000254817	0	0	0	0	0	0	
0	0	0	0	0	0	0	
0	0	0	0	0	0	0	
-0.000254819	0	0	0	0	0	0	
0.000254819	0	0	0	0	0	0	
0	0	0	0	0	0	0	
0	0	0	0	0	0	0	
-0.000254819	0	0	0	0	0	0	
0.000254819	0	0	0	0	0	0	
0	0	0	0	0	0	-0.000345707	
0	0	0	0	0	0	0.000345707	
0	0	0	0	0	0	0.000345707	
0	0	0	0	0	0	-0.000345707	
0	0	0	0	0	0	0	
0	0	0	0	0	0	0	
0	0	0	0	0	0	0	
0	0	0	0	0	0	0	
0	0	0	0	0	0	0	
0	0	0	0	0	0	0	
0	0	0	0	0	0	0	
0	0	0	0	0	0	0	
0	0	0	0	0	0	0	
0	0	0	0	0	0	0	
0	0	0	0	0	0	0	
0	0	0	0	0	0	0	
0	0	0	0	0	0	0	
0	0	0	0	0	0	0	
0	0	0	0	0	0	0	
0	0	0	0	0	0	0	
0	0	0	0	0	0	0	
0	0	0	0	0	0	0	
0	0	0	0	0	0	0	
0	0	0	0	0	0	0	
0	0	0	0	0	0	0	
0	0	0	0	0	0	0	
0	0	0	0	0	0	0	
0	0	0	0	0	0	0	
0	0	0	0	0	0	0	
0	0	0	0	0	0	0	
0	0	0	0.000286234	0	0	0	
0	0	0	-0.000286234	0	0	0	
0	0	0	0	0	0	0	
0	0	0	0	0	0	0	
0	0	0	0	0	0	0	
0	0	0	0	0	0	0	
0	0	0	0	0	0.000359538	0	
0	0	0	0	0	-0.000359538	0	
0	0	0	0	0	-0.000359538	0	
0	0	0	0	0	0.000359538	0	
0	0	0	0	0	0	0	
0	0	0	0	0	0	0	
0	0	0	0	0	0	0	
0	0	0	0	0	0	0	
-0.000258308	0	0	0	0	0	0	
0.000258308	0	0	0	0	0	0	
0	0	0	0	0	0	0	
0	0	0	0	0	0	0	
0	0	0	0	0	0	0	
0	0	0	0	0	0	0	
0	0	0	0	0	0	0	
0	0	0	0	0	0	0	
0	0	0	0	0	0	0	
0	0	0	0	0	0	0	
0	0	0	0	0	0	0	
0	0	0	0	0	0	0	
0	0	0	0	0	0	0	
0	0	0	0	0	0	0	
0	0	0	0	0	0	0	
0	0	0	0	0	0	0	
0	0	0	0.0002618	0	0	0	
0	0	0	-0.0002618	0	0	0	
0	0	0	0	0	0	0	
0	0	0	0	0	0	0	
0	0	0	0	0	0	0	
0	0	0	0	0	0	0	
0	0	0	0.00021293	0	0	0	
0	0	0	-0.00021293	0	0	0	
0	0	0	0	0	0	0	
0	0	0	0	0	0	0	
0	0	0	0	0	0	0	
0	0	0	0	0	0	0	
0	0	0	0.000286234	0	0	-0.000345707	
0	0	0	-0.000286234	0	0	0.000345707	
-0.000254819	0	0	0	0	0	0.000345707	
0.000254819	0	0	0	0	0	-0.000345707	
0	0	0	0	0	0	0	
0	0	0	0	0	0	0	
-0.000254817	0	0	0.000261799	0	0	0	
0.000254817	0	0	-0.000261799	0	0	0	
0	0	0	0	0	0	0	
0	0	0	0	0	0	0	
-0.000254819	0	0	0.000216421	0	0	0	
0.000254819	0	0	-0.000216421	0	0	0	
0	0	0	0	0	0	0	
0	0	0	0	0	0	0	
-0.000258308	0	0	0	0	0	0	
0.000258308	0	0	0	0	0	0	
-0.000254819	0	0	0.000286234	0	0	0	
0.000254819	0	0	-0.000286234	0	0	0	
0	0	0	0	0	0	0	
0	0	0	0	0	0	0	
-0.000254819	0	0	0	0	0	0	
0.000254819	0	0	0	0	0	0	
-0.000254817	0	0	0.000261799	0	0	0	
0.000254817	0	0	-0.000261799	0	0	0	
-0.00025831	0	0	0	0	0	0	
0.00025831	0	0	0	0	0	0	
-0.000254817	0	0	0.000261799	0	0	0	
0.000254817	0	0	-0.000261799	0	0	0	
-0.000254819	0	0	0	0	0	0	
0.000254819	0	0	0	0	0	0	
-0.000254819	0	0	0	0	0	0	
0.000254819	0	0	0	0	0	0	
-0.000513127	0	0	0.000237365	0	0	0	
0.000513127	0	0	-0.000237365	0	0	0	
-0.000254817	0	0	0	0	0	0	
0.000254817	0	0	0	0	0	0	
-0.000254819	0	0	0	0	0	0	
0.000254819	0	0	0	0	0	0	
-0.000258308	0	0	0	0	0	0	
0.000258308	0	0	0	0	0	0	
-0.000509637	0	0	0.00026529	0	0	0	
0.000509637	0	0	-0.00026529	0	0	0	
-0.000254817	0	0	0	0	0	0	
0.000254817	0	0	0	0	0	0	
-0.00025831	0	0	0	0	0	0	
0.00025831	0	0	0	0	0	0	
-0.000509636	0	0	0	0	0	0	
0.000509636	0	0	0	0	0	0	
-0.000254819	0	0	0.000261799	0	0	0	
0.000254819	0	0	-0.000261799	0	0	0	
-0.000258308	0	0	0	0	0	0	
0.000258308	0	0	0	0	0	0	
-0.000509636	0	0	0	0	0	0	
0.000509636	0	0	0	0	0	0	
-0.000254819	0	0	0	0	0	0	
0.000254819	0	0	0	0	0	0	
-0.000254819	0	0	0.000237365	0	0	0	
0.000254819	0	0	-0.000237365	0	0	0	
-0.000258308	0	0	0	0	0	0	
0.000258308	0	0	0	0	0	0	
-0.000509636	0	0	0	0	0	0	
0.000509636	0	0	0	0	0	0	
-0.000254819	0	0	0	0	0	0	
0.000254819	0	0	0	0	0	0	
-0.000258308	0	0	0.000261799	0	0	0	
0.000258308	0	0	-0.000261799	0	0	0	
-0.000254819	0	0	0	0	0	0	
0.000254819	0	0	0	0	0	0	
-0.000513127	0	0	0	0	0	0	
0.000513127	0	0	0	0	0	0	
-0.000254819	0	0	0	0	0	0	
0.000254819	0	0	0	0	0	0	
-0.000254817	0	0	0.0002618	0	0	0	
0.000254817	0	0	-0.0002618	0	0	0	
-0.000254819	0	0	0	0	0	0	
0.000254819	0	0	0	0	0	0	
-0.000254818	0	0	0	0	0	0	
0.000254818	0	0	0	0	0	0	
-0.000258309	0	0	0	0	0	0	
0.000258309	0	0	0	0	0	0	
0	0	0	0.000261799	0	0	0	
0	0	0	-0.000261799	0	0	0	
-0.000254819	0	0	0	0	0	0	
0.000254819	0	0	0	0	0	0	
0	0	0	0	0	0	0	
0	0	0	0	0	0	0	
-0.000254818	0	0	0	0	0	0	
0.000254818	0	0	0	0	0	0	
0	0	0	0	0	0	0	
0	0	0	0	0	0	0	
0	0	0	0	0	0	0	
0	0	0	0	0	0	0	
-0.000254818	0	0	0.000240855	0	0	0	
0.000254818	0	0	-0.000240855	0	0	0	
0	0	0	0	0	0	0	
0	0	0	0	0	0	0	
0	0	0	0	0	0	0	
0	0	0	0	0	0	0	
-0.000258309	0	0	0	0	0	0	
0.000258309	0	0	0	0	0	0	
0	0	0	0	0	0	0	
0	0	0	0	0	0	0	
0	0	0	0	0	0	0	
0	0	0	0	0	0	0	
0	0	0	0.000261799	0	0	0	
0	0	0	-0.000261799	0	0	0	
0	0	0	0	0	0	0	
0	0	0	0	0	0	0	
0	0	0	0	0	0	0	
0	0	0	0	0	0	0	
0	0	0	0	0	0	0	
0	0	0	0	0	0	0	
0	0	0	0	0	0	0	
0	0	0	0	0	0	0	
0	0	0	0	0	0	0	
0	0	0	0	0	0	0	
0	0	0	0.0002618	0	0	0	
0	0	0	-0.0002618	0	0	0	
0	0	0	0	0	0	0	
0	0	0	0	0	0	0	
0	0	0	0	0	0	0	
0	0	0	0	0	0	0	
0	0	0	0	0	0	0	
0	0	0	0	0	0	0	
0	0	0	0.000237364	0	0	0	
0	0	0	-0.000237364	0	0	0	
-0.000254818	0	0	0	0	0	0	
0.000254818	0	0	0	0	0	0	
0	0	0	0	0	0	0	
0	0	0	0	0	0	0	
0	0	0	0	0	0	-0.000345707	
0	0	0	0	0	0	0.000345707	
0	0	0	0	0	0	0.000345707	
0	0	0	0	0	0	-0.000345707	
0	0	0	0	0	0	0	
0	0	0	0	0	0	0	
0	0	0	0.0002618	0	0	-0.000345707	
0	0	0	-0.0002618	0	0	0.000345707	
0	0	0	0	0	0	0.000345707	
0	0	0	0	0	0	-0.000345707	
0	0	0	0	0	0	0	
0	0	0	0	0	0	0	
0	0	0	0	0	0	0	
0	0	0	0	0	0	0	
0	0	0	0	0	0	0	
0	0	0	0	0	0	0	
0	0	0	0	0	0	0	
0	0	0	0	0	0	0	
-0.000254819	0	0	0.000261799	0	0	0	
0.000254819	0	0	-0.000261799	0	0	0	
0	0	0	0	0	0	0	
0	0	0	0	0	0	0	
0	0	0	0	0	0	0	
0	0	0	0	0	0	0	
0	0	0	0	0	0	0	
0	0	0	0	0	0	0	
0	0	0	0	0	0	0	
0	0	0	0	0	0	0	
0	0	0	0	0	0	-0.000345707	
0	0	0	0	0	0	0.000345707	
0	0	0	0.000240856	0	0	0.000345707	
0	0	0	-0.000240856	0	0	-0.000345707	
0	0	0	0	0	0	0	
0	0	0	0	0	0	0	
0	0	0	0	0	0	0	
0	0	0	0	0	0	0	
0	0	0	0	0	0	0	
0	0	0	0	0	0	0	
0	0	0	0	0	0	-0.000345707	
0	0	0	0	0	0	0.000345707	
0	0	0	0	0	0	0.000345707	
0	0	0	0	0	0	-0.000345707	
0	0	0	0	0	0	0	
0	0	0	0	0	0	0	
0	0	0	0.000261799	0	0	-0.000345707	
0	0	0	-0.000261799	0	0	0.000345707	
-0.000254818	0	0	0	0	0	0.000345707	
0.000254818	0	0	0	0	0	-0.000345707	
0	0	0	0	0	0	0	
0	0	0	0	0	0	0	
0	0	0	0	0	0	0	
0	0	0	0	0	0	0	
0	0	0	0	0	0	0	
0	0	0	0	0	0	0	
0	0	0	0	0	0	0	
0	0	0	0	0	0	0	
0	0	0	0	0	0	0	
0	0	0	0	0	0	0	
0	0	0	0.0002618	0	0	0	
0	0	0	-0.0002618	0	0	0	
0	0	0	0	0	0	0	
0	0	0	0	0	0	0	
0	0	0	0	0	0	0	
0	0	0	0	0	0	0	
0	0	0	0	0	0	0	
0	0	0	0	0	0	0	
0	0	0	0	0	0	0	
0	0	0	0	0	0	0	
0	0	0	0	0	0	0	
0	0	0	0	0	0	0	
-0.000254818	0	0	0.000286234	0	0	-0.000345707	
0.000254818	0	0	-0.000286234	0	0	0.000345707	
0	0	0	0	0	0	0.000345707	
0	0	0	0	0	0	-0.000345707	
0	0	0	0	0	0	0	
0	0	0	0	0	0	0	
0	0	0	0	0	0	0	
0	0	0	0	0	0	0	
0	0	0	0	0	0	0	
0	0	0	0	0	0	0	
0	0	0	0	0	0	-0.000345707	
0	0	0	0	0	0	0.000345707	
0	0	0	0	0	0	0.000345707	
0	0	0	0	0	0	-0.000345707	
0	0	0	0	0	0	0	
0	0	0	0	0	0	0	
0	0	0	0.00021293	0	0	0	
0	0	0	-0.00021293	0	0	0	
0	0	0	0	0	0	0	
0	0	0	0	0	0	0	
-0.000258309	0	0	0	0	0	0	
0.000258309	0	0	0	0	0	0	
0	0	0	0	0	0	0	
0	0	0	0	0	0	0	
0	0	0	0	0	0	0	
0	0	0	0	0	0	0	
0	0	0	0	0	0	0	
0	0	0	0	0	0	0	
0	0	0	0.00026529	0	0	0	
0	0	0	-0.00026529	0	0	0	
0	0	0	0	0	0	0	
0	0	0	0	0	0	0	
0	0	0	0	0	0	0	
0	0	0	0	0	0	0	
0	0	0	0	0	0	0	
0	0	0	0	0	0	0	
0	0	0	0	0	0	0	
0	0	0	0	0	0	0	
0	0	0	0	0	0	0	
0	0	0	0	0	0	0	
0	0	0	0	0	0	0	
0	0	0	0	0	0	0	
0	0	0	0	0	0	0	
0	0	0	0	0	0	0	
-0.000254818	0	0	0.000286234	0	0	-0.000345707	
0.000254818	0	0	-0.000286234	0	0	0.000345707	
0	0	0	0	0	0	0.000345707	
0	0	0	0	0	0	-0.000345707	
0	0	0	0	0	0	0	
0	0	0	0	0	0	0	
0	0	0	0	0	0	0	
0	0	0	0	0	0	0	
-0.000254818	0	0	0	0	0	0	
0.000254818	0	0	0	0	0	0	
0	0	0	0	0	0	0	
0	0	0	0	0	0	0	
0	0	0	0	0	0	0	
0	0	0	0	0	0	0	
-0.000254819	0	0	0	0	0	0	
0.000254819	0	0	0	0	0	0	
0	0	0	0.000237365	0	0	0	
0	0	0	-0.000237365	0	0	0	
-0.000258309	0	0	0	0	0	0	
0.000258309	0	0	0	0	0	0	
0	0	0	0	0	0	0	
0	0	0	0	0	0	0	
0	0	0	0	0	0	0	
0	0	0	0	0	0	0	
-0.000254818	0	0	0	0	0	0	
0.000254818	0	0	0	0	0	0	
0	0	0	0	0	0	-0.000345707	
0	0	0	0	0	0	0.000345707	
0	0	0	0	0	0	0	
0	0	0	0	0	0	0	
-0.000254818	0	0	0	0	0	0.000345707	
0.000254818	0	0	0	0	0	-0.000345707	
0	0	0	0	0	0	0	
0	0	0	0	0	0	0	
0	0	0	0.000237365	0	0	0	
0	0	0	-0.000237365	0	0	0	
-0.000254818	0	0	0	0	0	0	
0.000254818	0	0	0	0	0	0	
0	0	-0.000238419	0	0	0	0	
0	0	0.000238419	0	0	0	0	
0	0	0.000238419	0	0	0	0	
0	0	-0.000238419	0	0	0	0	
-0.000258309	0	0	0	0	0	0	
0.000258309	0	0	0	0	0	0	
0	0	0	0	0	0	0	
0	0	0	0	0	0	0	
0	0	0	0	0	0	0	
0	0	0	0	0	0	0	
-0.000254819	0	0	0	0	0	0	
0.000254819	0	0	0	0	0	0	
0	0	0	0.000286234	0	0	0	
0	0	0	-0.000286234	0	0	0	
-0.000254818	0	0	0	0	0	0	
0.000254818	0	0	0	0	0	0	
0	0	-0.000238419	0	0	0	0	
0	0	0.000238419	0	0	0	0	
0	0	0	0	0	0	0	
0	0	0	0	0	0	0	
-0.000254818	0	0	0	0	0	0	
0.000254818	0	0	0	0	0	0	
0	0	0	0	0	0	0	
0	0	0	0	0	0	0	
0	0	0	0	0	0	0	
0	0	0	0	0	0	0	
-0.000258309	0	0.000238419	0	0	0	0	
0.000258309	0	-0.000238419	0	0	0	0	
0	0	-0.000238419	0	0	0	0	
0	0	0.000238419	0	0	0	0	
0	0	0	0.000237365	0	0	0	
0	0	0	-0.000237365	0	0	0	
-0.000254818	0	0	0	0	0	0	
0.000254818	0	0	0	0	0	0	
0	0	0	0	0	0	0	
0	0	0	0	0	0	0	
0	0	0	0	0	0	0	
0	0	0	0	0	0	0	
0	0	0	0	0	0	0	
0	0	0	0	0	0	0	
-0.000254818	0	0	0	0	0	0	
0.000254818	0	0	0	0	0	0	
0	0	0	0	0	0	0	
0	0	0	0	0	0	0	
0	0	0	0	0	0	-0.000345707	
0	0	0	0	0	0	0.000345707	
-0.000254818	0	0	0.000240855	0	0	0.000345707	
0.000254818	0	0	-0.000240855	0	0	-0.000345707	
0	0	0	0	0	0	0	
0	0	0	0	0	0	0	
0	0	0	0	0	0	0	
0	0	0	0	0	0	0	
0	0	0	0	0	0	0	
0	0	0	0	0	0	0	
-0.000258309	0	0	0	0	0	0	
0.000258309	0	0	0	0	0	0	
0	0	0	0	0	0	0	
0	0	0	0	0	0	0	
0	0	0	0	0	0	0	
0	0	0	0	0	0	0	
-0.000254818	0	0	0	0	0	0	
0.000254818	0	0	0	0	0	0	
0	0	0	0.000286234	0	0	0	
0	0	0	-0.000286234	0	0	0	
0	0	0	0	0	0	0	
0	0	0	0	0	0	0	
0	0	0	0	0	0	0	
0	0	0	0	0	0	0	
-0.000254818	0	0	0	0	0	0	
0.000254818	0	0	0	0	0	0	
0	0	0	0	0	0	0	
0	0	0	0	0	0	0	
0	0	0	0	0	0	0	
0	0	0	0	0	0	0	
-0.000254818	0	0	0	0	0	0	
0.000254818	0	0	0	0	0	0	
0	0	0	0	0	0	0	
0	0	0	0	0	0	0	
0	0	0	0.000237365	0	0	0	
0	0	0	-0.000237365	0	0	0	
0	0	0	0	0	0	0	
0	0	0	0	0	0	0	
-0.000258309	0	0	0	0	0	0	
0.000258309	0	0	0	0	0	0	
0	0	0	0	0	0	0	
0	0	0	0	0	0	0	
0	0	0	0	0	0	0	
0	0	0	0	0	0	0	
0	0	0	0	0	0	0	
0	0	0	0	0	0	0	
-0.000254818	0	0	0	0	0	0	
0.000254818	0	0	0	0	0	0	
0	0	0	0	0	0	0	
0	0	0	0	0	0	0	
0	0	0	0	0	0	0	
0	0	0	0	0	0	0	
0	0	0	0.000237365	0	0	0	
0	0	0	-0.000237365	0	0	0	
-0.000254818	0	0	0	0	0	0	
0.000254818	0	0	0	0	0	0	
0	0	0	0	0	0	0	
0	0	0	0	0	0	0	
0	0	0	0	0	0	0	
0	0	0	0	0	0	0	
0	0	0	0	0	0	0	
0	0	0	0	0	0	0	
0	0	0	0	0	0	0	
0	0	0	0	0	0	0	
-0.000254818	0	0	0	0	0	0	
0.000254818	0	0	0	0	0	0	
0	0	0	0	0	0	0	
0	0	0	0	0	0	0	
0	0	0	0	0	0	0	
0	0	0	0	0	0	0	
0	0	0	0.000286234	0	0	0	
0	0	0	-0.000286234	0	0	0	
-0.000258309	0	0	0	0	0	0	
0.000258309	0	0	0	0	0	0	
0	0	0	0	0	0	0	
0	0	0	0	0	0	0	
0	0	0	0	0	0	0	
0	0	0	0	0	0	0	
0	0	0	0	0	0	0	
0	0	0	0	0	0	0	
0	0	0	0	0	0	0	
0	0	0	0	0	0	0	
-0.000254818	0	0	0	0	0	0	
0.000254818	0	0	0	0	0	0	
0	0	0	0	0	0	0	
0	0	0	0	0	0	0	
0	0	0	0.000240855	0	0	0	
0	0	0	-0.000240855	0	0	0	
0	0	0	0	0	0	0	
0	0	0	0	0	0	0	
0	0	0	0	0	0	0	
0	0	0	0	0	0	0	
-0.000254818	0	0	0	0	0	0	
0.000254818	0	0	0	0	0	0	
0	0	0	0	0	0	0	
0	0	0	0	0	0	0	
0	0	0	0	0	0	0	
0	0	0	0	0	0	0	
-0.000254818	0	0	0	0	0	0	
0.000254818	0	0	0	0	0	0	
0	0	0	0	0	0	0	
0	0	0	0	0	0	0	
0	0	0	0	0	0	0	
0	0	0	0	0	0	0	
0	0	0	0.000261799	0	0	0	
0	0	0	-0.000261799	0	0	0	
0	0	0	0	0	0	0	
0	0	0	0	0	0	0	
-0.000258309	0	0	0	0	0	0	
0.000258309	0	0	0	0	0	0	
0	0	0	0	0	0	0	
0	0	0	0	0	0	0	
0	0	0	0	0	0	0	
0	0	0	0	0	0	0	
0	0	0	0	0	0	0	
0	0	0	0	0	0	0	
0	0	0	0	0	0	0	
0	0	0	0	0	0	0	
0	0	0	0	0	0	0	
0	0	0	0	0	0	0	
-0.000254818	0	0	0	0	0	0	
0.000254818	0	0	0	0	0	0	
0	0	0	0.000261799	0	0	0	
0	0	0	-0.000261799	0	0	0	
0	0	0	0	0	0	0	
0	0	0	0	0	0	0	
0	0	0	0	0	0	0	
0	0	0	0	0	0	0	
0	0	0	0	0	0	0	
0	0	0	0	0	0	0	
-0.000254818	0	0	0	0	0	0	
0.000254818	0	0	0	0	0	0	
0	0	0	0	0	0	0	
0	0	0	0	0	0	0	
0	0	0	0	0	0	0	
0	0	0	0	0	0	0	
0	0	0	0	0	0	0	
0	0	0	0	0	0	0	
0	0	0	0	0	0	0	
0	0	0	0	0	0	0	
-0.000254818	0	0	0.000237365	0	0	0	
0.000254818	0	0	-0.000237365	0	0	0	
0	0	0	0	0	0	0	
0	0	0	0	0	0	0	
0	0	0	0	0	0	0	
0	0	0	0	0	0	0	
0	0	0	0	0	0	0	
0	0	0	0	0	0	0	
0	0	0	0	0	0	0	
0	0	0	0	0	0	0	
0	0	0	0	0	0	0	
0	0	0	0	0	0	0	
-0.000258309	0	0	0	0	0	-0.000345707	
0.000258309	0	0	0	0	0	0.000345707	
0	0	0	0	0	0	0.000345707	
0	0	0	0	0	0	-0.000345707	
0	0	0	0	0	0	0	
0	0	0	0	0	0	0	
0	0	0	0.000261799	0	0	0	
0	0	0	-0.000261799	0	0	0	
0	0	0	0	0	0	0	
0	0	0	0	0	0	0	
0	0	0	0	0	0	0	
0	0	0	0	0	0	0	
0	0	0	0	0	0	0	
0	0	0	0	0	0	0	
0	0	0	0	0	0	0	
0	0	0	0	0	0	0	
0	0	0	0	0	0	0	
0	0	0	0	0	0	0	
-0.000254818	0	0	0	0	0	0	
0.000254818	0	0	0	0	0	0	
0	0	0	0	0	0	0	
0	0	0	0	0	0	0	
0	0	0	0	0	0	0	
0	0	0	0	0	0	0	
0	0	0	0.000261799	0	0	0	
0	0	0	-0.000261799	0	0	0	
0	0	0	0	0	0	0	
0	0	0	0	0	0	0	
-0.000254818	0	0	0	0	0	0	
0.000254818	0	0	0	0	0	0	
0	0	0	0	0	0	0	
0	0	0	0	0	0	0	
0	0	0	0	0	0	0	
0	0	0	0	0	0	0	
0	0	0	0	0	0	0	
0	0	0	0	0	0	0	
0	0	0	0	0	0	0	
0	0	0	0	0	0	0	
0	0	0	0	0	0	0	
0	0	0	0	0	0	0	
-0.000254818	0	0	0	0	0	0	
0.000254818	0	0	0	0	0	0	
0	0	0	0.000240855	0	0	0	
0	0	0	-0.000240855	0	0	0	
0	0	0	0	0	0	0	
0	0	0	0	0	0	0	
0	0	0	0	0	0	0	
0	0	0	0	0	0	0	
0	0	0	0	0	0	0	
0	0	0	0	0	0	0	
0	0	0	0	0	0	0	
0	0	0	0	0	0	0	
0	0	0	0	0	0	0	
0	0	0	0	0	0	0	
0	0	0	0	0	0	0	
0	0	0	0	0	0	0	
0	0	0	0	0	0	0	
0	0	0	0	0	0	0	
0	0	0	0	0	0	0	
0	0	0	0	0	0	0	
0	0	0	0.000261799	0	0	0	
0	0	0	-0.000261799	0	0	0	
0	0	0	0	0	0	0	
0	0	0	0	0	0	0	
0	0	0	0	0	0	0	
0	0	0	0	0	0	0	
0	0	0	0	0	0	0	
0	0	0	0	0	0	0	
0	0	0	0	0	0	0	
0	0	0	0	0	0	0	
0	0	0	0	0	0	0	
0	0	0	0	0	0	0	
0	0	0	0	0	0	0	
0	0	0	0	0	0	0	
0	0	0	0	0	0	0	
0	0	0	0	0	0	0	
0	0	0	0	0	0	0	
0	0	0	0	0	0	0	
0	0	0	0	0	0	0	
0	0	0	0	0	0	0	
0	0	0	0	0	0	0	
0	0	0	0	0	0	0	
0	0	0	0	0	0	0	
0	0	0	0	0	0	0	
0	0	0	0.000258309	0	0	0	
0	0	0	-0.000258309	0	0	0	
0	0	0	0	0	0	0	
0	0	0	0	0	0	0	
0	0	0	0	0	0	-0.000345707	
0	0	0	0	0	0	0.000345707	
0	0	0	0	0	0	0.000345707	
0	0	0	0	0	0	-0.000345707	
0	0	0	0	0	0	0	
0	0	0	0	0	0	0	
0	0	0	0	0	0	0	
0	0	0	0	0	0	0	
0	0	0	0	0	0	0	
0	0	0	0	0	0	0	
-0.000254818	0	0	0	0	0	0	
0.000254818	0	0	0	0	0	0	
0	0	0	0	0	0	0	
0	0	0	0	0	0	0	
0	0	0	0	0	0	0	
0	0	0	0	0	0	0	
0	0	0	0	0	0	0	
0	0	0	0	0	0	0	
0	0	0	0.000237365	0	0	0	
0	0	0	-0.000237365	0	0	0	
0	0	0	0	0	0	-0.000345707	
0	0	0	0	0	0	0.000345707	
0	0	0	0	0	0	0	
0	0	0	0	0	0	0	
0	0	0	0	0	0	0.000345707	
0	0	0	0	0	0	-0.000345707	
0	0	0	0	0	0	0	
0	0	0	0	0	0	0	
0	0	0	0	0	0	0	
0	0	0	0	0	0	0	
0	0	0	0	0	0	0	
0	0	0	0	0	0	0	
0	0	0	0	0	0	0	
0	0	0	0	0	0	0	
0	0	0	0	0	0	0	
0	0	0	0	0	0	0	
0	0	0	0	0	0	0	
0	0	0	0	0	0	0	
0	0	0	0	0	0	0	
0	0	0	0	0	0	0	
0	0	0	0	0	0	0	
0	0	0	0	0	0	0	
0	0	0	0.000261799	0	0	0	
0	0	0	-0.000261799	0	0	0	
0	0	0	0	0	0	0	
0	0	0	0	0	0	0	
0	0	0	0	0	0	0	
0	0	0	0	0	0	0	
0	0	0	0	0	0	-0.000345707	
0	0	0	0	0	0	0.000345707	
0	0	0	0	0	0	0.000345707	
0	0	0	0	0	0	-0.000345707	
0	0	0	0	0	0	0	
0	0	0	0	0	0	0	
0	0	0	0	0	0	0	
0	0	0	0	0	0	0	
0	0	0	0	0	0	0	
0	0	0	0	0	0	0	
0	0	0	0	0	0	0	
0	0	0	0	0	0	0	
0	0	0	0	0	0	-0.000345707	
0	0	0	0	0	0	0.000345707	
0	0	0	0	0	0	0.000345707	
0	0	0	0	0	0	-0.000345707	
0	0	0	0	0	0	0	
0	0	0	0	0	0	0	
-0.000254818	0	0	0.000286234	0	0	0	
0.000254818	0	0	-0.000286234	0	0	0	
0	0	0	0	0	0	0	
0	0	0	0	0	0	0	
0	0	0	-0.000286234	0	0	0	
0	0	0	0.000286234	0	0	0	
0	0	0	0.000286234	0	0	0	
0	0	0	-0.000286234	0	0	0	
0	0	0	0	0	0	0	
0	0	0	0	0	0	0	
0	0	0	0	0	0	0	
0	0	0	0	0	0	0	
0	0	0	0	0	0	0	
0	0	0	0	0	0	0	
0	0	0	0	0	0	0	
0	0	0	0	0	0	0	
0	0	0	0	0	0	0	
0	0	0	0	0	0	0	
0	0	0	0	0	0	0	
0	0	0	0	0	0	0	
0	0	0	0	0	0	0	
0	0	0	0	0	0	0	
0	0	0	0	0	0	0	
0	0	0	0	0	0	0	
0	0	0	0	0	0	0	
0	0	0	0	0	0	0	
0	0	0	0	0	0	-0.000345707	
0	0	0	0	0	0	0.000345707	
0	0	0	0	0	0	0.000345707	
0	0	0	0	0	0	-0.000345707	
0	0	0	0	0	0	0	
0	0	0	0	0	0	0	
0	0	0	0	0	0	0	
0	0	0	0	0	0	0	
0	0	0	0	0	0	0	
0	0	0	0	0	0	0	
0	0	0	0	0	0	0	
0	0	0	0	0	0	0	
0	0	0	0	0	0	0	
0	0	0	0	0	0	0	
0	0	0	0	0	0	0	
0	0	0	0	0	0	0	
0	0	0	0	0	0	0	
0	0	0	0	0	0	0	
0	0	0	0	0	0	0	
0	0	0	0	0	0	0	
0	0	0	0	0	0	0	
0	0	0	0	0	0	0	
0	0	0	0	0	0	0	
0	0	0	0	0	0	0	
0	0	0	0	0	0	0	
0	0	0	0	0	0	0	
0	0	0	0	0	0	0	
0	0	0	0	0	0	0	
0	0	0	0	0	0	0	
0	0	0	0	0	0	0	
0	0	0	0	0	0	0	
0	0	0	0	0	0	0	
-0.000254818	0	0	0	0	0	0	
0.000254818	0	0	0	0	0	0	
0	0	0	0	0	0	0	
0	0	0	0	0	0	0	
0	0	0	0	0	0	0	
0	0	0	0	0	0	0	
0	0	0	0	0	0	0	
0	0	0	0	0	0	0	
0	0	0	0	0	0	0	
0	0	0	0	0	0	0	
0	0	0	0	0	0	0	
0	0	0	0	0	0	0	
0	0	0	0	0	0	0	
0	0	0	0	0	0	0	
0	0	0	0	0	0	0	
0	0	0	0	0	0	0	
0	0	0	0	0	0	0	
0	0	0	0	0	0	0	
0	0	0	0	0	0	0	
0	0	0	0	0	0	0	
0	0	0	0	0	0	0	
0	0	0	0	0	0	0	
0	0	0	0	0	0	0	
0	0	0	0	0	0	0	
0	0	0	0	0	0	0	
0	0	0	0	0	0	0	
0	0	0	0	0	0	0	
0	0	0	0	0	0	0	
0	0	0	0	0	0	0	
0	0	0	0	0	0	0	
0	0	0	0	0	0	0	
0	0	0	0	0	0	0	
0	0	0	0	0	0	0	
0	0	0	0	0	0	0	
0	0	0	0	0	0	0	
0	0	0	0	0	0	0	
0	0	0	0	0	0	0	
0	0	0	0	0	0	0	
0	0	0	0	0	0	0	
0	0	0	0	0	0	0	
0	0	0	0	0	0	0	
0	0	0	0	0	0	0	
0	0	0	0	0	0	0	
0	0	0	0	0	0	0	
0	0	0	0	0	0	0	
0	0	0	0	0	0	0	
0	0	0	0	0	0	0	
0	0	0	0	0	0	0	
0	0	0	0	0	0	0	
0	0	0	0	0	0	0	
0	0	0	0	0	0	0	
0	0	0	0	0	0	0	
0	0	0	0	0	0	0	
0	0	0	0	0	0	0	
0	0	0	0	0	0	0	
0	0	0	0	0	0	0	
-0.000254818	0	0	0	0	0	0	
0.000254818	0	0	0	0	0	0	
0	0	0	0	0	0	0	
0	0	0	0	0	0	0	
0	0	0	0	0	0	0	
0	0	0	0	0	0	0	
0	0	0	0	0	0	0	
0	0	0	0	0	0	0	
0	0	0	0	0	0	0	
0	0	0	0	0	0	0	
0	0	0	0	0	0	0	
0	0	0	0	0	0	0	
0	0	0	0	0	0	0	
0	0	0	0	0	0	0	
0	0	0	0	0	0	0	
0	0	0	0	0	0	0	
0	0	0	0	0	0	0	
0	0	0	0	0	0	0	
0	0	0	0	0	0	0	
0	0	0	0	0	0	0	
0	0	0	0	0	0	0	
0	0	0	0	0	0	0	
0	0	0	0	0	0	0	
0	0	0	0	0	0	0	
0	0	0	0	0	0	0	
0	0	0	0	0	0	0	
0	0	0	0	0	0	0	
0	0	0	0	0	0	0	
0	0	0	0	0	0	0	
0	0	0	0	0	0	0	
0	0	0	0	0	0	0	
0	0	0	0	0	0	0	
0.000509636	0.00739098	0.000238419	-0.000286234	0	0	-0.000691414	
-0.000509636	-0.00739098	-0.000238419	0.000286234	0	0	0.000691414	
